# psi_n	Te [eV]	ne [m^-3]	 0+	1+	...
0.000000000000000000e+00	1.200000000000000000e+03	8.000000000000000000e+13	4.282371414351581331e-16	2.828840405042161616e-16	1.181497653464511680e-11	2.317174533192731463e-07	2.948346949410815716e-04	9.997049335757920430e-01
7.989949748743719465e-03	1.199851524751360103e+03	7.999999942656000000e+13	4.778878245001040293e-16	6.597411627903960044e-16	1.182410002005484297e-11	2.318376404769493821e-07	2.949294908099225790e-04	9.997048386597263692e-01
1.597989949748743893e-02	1.199406156021759898e+03	7.999999082496031250e+13	1.613647199610740888e-16	-3.349825600731552179e-16	1.184147810392065825e-11	2.321239782668574595e-07	2.951271896431465185e-04	9.997046406745393465e-01
2.396984924623115840e-02	1.198664064860159897e+03	7.999995355136770312e+13	5.709828552468775108e-16	-4.897950774343037526e-16	1.187393247078314420e-11	2.325775774331908148e-07	2.954284711977478981e-04	9.997043389393526214e-01
3.195979899497487786e-02	1.197625536348160040e+03	7.999985319943696875e+13	3.599674522208575504e-16	8.452394898503296154e-16	1.192078579432927839e-11	2.331999826458067293e-07	2.958342112710669121e-04	9.997039325768262152e-01
3.994974874371859386e-02	1.196290969599999926e+03	7.999964160045875000e+13	-3.972054645195669726e-16	1.210375675803884512e-15	1.197811261561553623e-11	2.339931829405977366e-07	2.963454875767598329e-04	9.997034205072632407e-01
4.793969849246231679e-02	1.194660877762559949e+03	7.999925682373253125e+13	3.537611168377393381e-16	9.007506410815874424e-16	1.204615772938507420e-11	2.349597058185407139e-07	2.969635867554768567e-04	9.997028014414932606e-01
5.592964824120603973e-02	1.192735888015359933e+03	7.999862317733020312e+13	1.365393784286011407e-16	-1.363658901823320200e-17	1.212602016616427012e-11	2.361025981090007566e-07	2.976900122615677691e-04	9.997020738730161282e-01
6.391959798994975572e-02	1.190516741570560043e+03	7.999765120946323438e+13	1.613647199610740888e-16	8.948901729152751172e-16	1.222317874117764753e-11	2.374254609701029943e-07	2.985264934624150485e-04	9.997012360688544153e-01
7.190954773869347172e-02	1.188004293672960102e+03	7.999623771071429688e+13	6.516652152274145675e-16	-1.129379551481239098e-16	1.233003174590695838e-11	2.389323777221843964e-07	2.994749957369094700e-04	9.997002860595566309e-01
7.989949748743718771e-02	1.185199513600000046e+03	7.999426571744051562e+13	4.096181352858034467e-16	1.005912475377790771e-15	1.245493779756814896e-11	2.406281150009679430e-07	3.005377322894527354e-04	9.996992216271413101e-01
8.788944723618091759e-02	1.182103484661759921e+03	7.999160451670417188e+13	4.344434768182763948e-16	9.504013241465329442e-16	1.259149522959704321e-11	2.425179700511979257e-07	3.017171767341738026e-04	9.996980402927051479e-01
9.587939698492463358e-02	1.178717404200960118e+03	7.998810965313270312e+13	3.289357753052663899e-16	1.470363965092278059e-16	1.274213438419609287e-11	2.446079474186878915e-07	3.030160776523397725e-04	9.996967393016596981e-01
1.038693467336683496e-01	1.175042583592959772e+03	7.998362293815832812e+13	3.227294399221481776e-16	1.537582115025118952e-15	1.291269430826108513e-11	2.469047762588327623e-07	3.044374744504652563e-04	9.996953156078607350e-01
1.118592964824120795e-01	1.171080448245759953e+03	7.997797246213423438e+13	4.468561475845128688e-16	-1.363658901823320200e-17	1.309299666503716584e-11	2.494158170251785169e-07	3.059847146915906069e-04	9.996937658564002405e-01
1.198492462311557955e-01	1.166832537600000023e+03	7.997097260987187500e+13	4.468561475845128688e-16	2.273728892729583345e-16	1.329498709319729736e-11	2.521493740301569639e-07	3.076614738975577863e-04	9.996920863634349841e-01
1.278391959798995114e-01	1.162300505128960140e+03	7.996242408019157812e+13	3.227294399221481776e-16	1.118875251423947495e-17	1.351292792241512346e-11	2.551144895484372014e-07	3.094717764471493246e-04	9.996902730955522509e-01
1.358291457286432413e-01	1.157486118338560118e+03	7.995211391012525000e+13	7.695855875066609971e-16	1.528968646755402791e-16	1.375171974112288684e-11	2.583211895201613164e-07	3.114200193180238752e-04	9.996883216457420618e-01
1.438190954773869434e-01	1.152391258767359886e+03	7.993981550445812500e+13	5.709828552468775108e-16	5.297539869617201219e-16	1.401003278440972939e-11	2.617804535261896858e-07	3.135109976677326869e-04	9.996862272078695932e-01
1.518090452261306733e-01	1.147017921986559941e+03	7.992528867134339062e+13	2.358407445584929085e-16	2.316121701129951290e-15	1.429275799497486226e-11	2.655043715959105107e-07	3.157499332122025979e-04	9.996839845481229059e-01
1.597989949748743754e-01	1.141368217600000207e+03	7.990827966477106250e+13	2.482534153247293825e-16	1.914439237311299090e-15	1.459257526954009996e-11	2.695061192806816647e-07	3.181425050252909459e-04	9.996815879742625421e-01
1.677889447236181053e-01	1.135444369244159816e+03	7.988852123471970312e+13	3.599674522208575504e-16	6.290553530916108297e-16	1.491520011910531322e-11	2.738002065826746885e-07	3.206948837345046321e-04	9.996790313011447715e-01
1.757788944723618352e-01	1.129248714588160055e+03	7.986573268586684375e+13	2.854914276234388540e-16	3.821854066341073624e-16	1.526499751390187551e-11	2.784025336793039942e-07	3.234137686606990440e-04	9.996763078135416647e-01
1.837688442211055373e-01	1.122783705333760054e+03	7.983961994578206250e+13	3.475547814546211750e-16	3.573600651016346608e-16	1.564141207819843488e-11	2.833304474997537437e-07	3.263064285030720579e-04	9.996734102254091203e-01
1.917587939698492672e-01	1.116051907215359961e+03	7.980987564357254688e+13	3.599674522208576490e-16	9.693661975126936657e-16	1.604919795109673117e-11	2.886029762476454603e-07	3.293807461938273707e-04	9.996703306347813900e-01
1.997487437185929970e-01	1.109056000000000040e+03	7.977617920000000000e+13	5.089195014156952884e-16	3.821854066341073624e-16	1.648510486238930692e-11	2.942408956068377337e-07	3.326452677822471253e-04	9.996670604748382205e-01
2.077386934673366992e-01	1.101798777487359985e+03	7.973819693013382812e+13	-2.048090676429017973e-16	1.105213841507681380e-15	1.695769190538227775e-11	3.002670221696637418e-07	3.361092563728751491e-04	9.996635904596481437e-01
2.157286432160804290e-01	1.094283147509760056e+03	7.969558215965365625e+13	7.447602459741883202e-17	-6.914774024949102902e-17	1.746122759681016026e-11	3.067062435697872597e-07	3.397827508244695535e-04	9.996599105254728723e-01
2.237185929648241589e-01	1.086512131932159946e+03	7.964797535596117188e+13	4.965068306494588637e-16	9.621222604791577918e-16	1.800931135224286075e-11	3.135859582510159304e-07	3.436766308349221218e-04	9.996560097651974175e-01
2.317085427135678610e-01	1.078488866652160141e+03	7.959500427530864062e+13	-2.482534153247294503e-17	1.222110549767551290e-16	1.859397754714869964e-11	3.209360426759905812e-07	3.478026875650031707e-04	9.996518763577998401e-01
2.396984924623115909e-01	1.070216601599999876e+03	7.953628412719923438e+13	1.923963968766653232e-16	2.887445086705285854e-16	1.922674916003380761e-11	3.287893978643713984e-07	3.521737021866989275e-04	9.996474974891896847e-01
2.476884422110552930e-01	1.061698700738560092e+03	7.947141775736117188e+13	1.427457138117194270e-16	1.141760119372779078e-15	1.990959529000167852e-11	3.371820697031078553e-07	3.568035314572217558e-04	9.996428592665638213e-01
2.556783919597990229e-01	1.052938642063360021e+03	7.939999585064515625e+13	-9.930136612989178013e-17	-6.914774024949102902e-17	2.064148920642453680e-11	3.461536202960188131e-07	3.617072022741869950e-04	9.996379466234659450e-01
2.636683417085427528e-01	1.043940017602560147e+03	7.932159715524207812e+13	-1.737773907273106121e-16	-1.246588914807488560e-16	2.143368884564581725e-11	3.557476342126660835e-07	3.669010159379211653e-04	9.996327432149965109e-01
2.716582914572864826e-01	1.034706533416959928e+03	7.923578872966517188e+13	4.034117999026853329e-16	3.632205332679466409e-16	2.229066189938615983e-11	3.660120064456204906e-07	3.724026626236646271e-04	9.996272313030806211e-01
2.796482412060301570e-01	1.025242009600000074e+03	7.914212621398834375e+13	1.737773907273106121e-16	1.537582115025118952e-15	2.321839797572941350e-11	3.769994982568628800e-07	3.782313480132345270e-04	9.996213916292703283e-01
2.876381909547738869e-01	1.015550380277760041e+03	7.904015412687940625e+13	2.048090676429018712e-16	1.525861178692494893e-15	2.421957701521318873e-11	3.887682554000228793e-07	3.844079329402623371e-04	9.996152032745851956e-01
2.956281407035176167e-01	1.005635693608959969e+03	7.892940619001457812e+13	2.482534153247295428e-17	6.231948849252983073e-16	2.530157933493620230e-11	4.013824820977040480e-07	3.909550878489894354e-04	9.996086435043687324e-01
3.036180904522613466e-01	9.955021117849598795e+02	7.880940568150814062e+13	7.447602459741888378e-16	-4.432239871701793299e-17	2.647484534503287470e-11	4.149131814742702635e-07	3.978974898911588100e-04	9.996016875704540894e-01
3.116080402010050765e-01	9.851539110297600246e+02	7.867966582003779688e+13	4.840941598832227347e-16	5.925090752265137242e-16	2.775263628780565924e-11	4.294402931897965420e-07	4.052628434711186170e-04	9.995943076884843403e-01
3.195979899497487509e-01	9.745954816000001983e+02	7.853969018139442188e+13	2.048090676429019205e-16	-3.218781548733070681e-16	2.913749322499138440e-11	4.450542388187163174e-07	4.130824473697566369e-04	9.995864724692562486e-01
3.275879396984924807e-01	9.638313277849599672e+02	7.838897314923190625e+13	4.965068306494591595e-16	6.976709095227169544e-16	3.064934288744685970e-11	4.618560441025836613e-07	4.213906706035928408e-04	9.995781474427041235e-01
3.355778894472362106e-01	9.528660679065599197e+02	7.822700040183978125e+13	1.141965710493756402e-15	7.649029970865991360e-16	3.229643615073696003e-11	4.799584189180836555e-07	4.302252075857810384e-04	9.995692948016996482e-01
3.435678391959799405e-01	9.417044343193600753e+02	7.805324943680959375e+13	5.833955260131147244e-16	5.121725824627826532e-16	3.409423744840158704e-11	4.994874226827024675e-07	4.396274195286698308e-04	9.995598730589563274e-01
3.515577889447236704e-01	9.303512734105599975e+02	7.786719013551234375e+13	6.578715506105334701e-16	5.428583921615684196e-16	3.606263192103324496e-11	5.205842360313365469e-07	4.496427147776329040e-04	9.995498366649248068e-01
3.595477386934674002e-01	9.188115455999999313e+02	7.766828536935218750e+13	4.096181352858039890e-16	5.866486070602013004e-16	3.821967320637556271e-11	5.434071327872237316e-07	4.603209731842652268e-04	9.995391355814650103e-01
3.675376884422110746e-01	9.070903253401601205e+02	7.745599164980893750e+13	-1.241267076623648484e-17	-6.490845940945415571e-16	4.058777950871276434e-11	5.681338866544807661e-07	4.717170204805406814e-04	9.995277148050480953e-01
3.755276381909548045e-01	8.951928011161601262e+02	7.722975982432935938e+13	8.316489413378446986e-16	6.976709095227169544e-16	4.319788842345323215e-11	5.949645088252812698e-07	4.838911588849179914e-04	9.995155138334096412e-01
3.835175879396985343e-01	8.831242754457599631e+02	7.698903582017378125e+13	8.378552767209629110e-16	1.411759283429157765e-16	4.607244916728359877e-11	6.241242274917850928e-07	4.969097610246475108e-04	9.995024660686769868e-01
3.915075376884422642e-01	8.708901648793599861e+02	7.673326143837353125e+13	7.509665813573075433e-16	2.215124211066463051e-16	4.924959155074251381e-11	6.558673097550106941e-07	5.108459364162470668e-04	9.994884981470255614e-01
3.994974874371859941e-01	8.584959999999998672e+02	7.646187520000000000e+13	6.454588798442973412e-16	8.145536801515445392e-16	5.276880882769694698e-11	6.904811197167622534e-07	5.257802789031735570e-04	9.994735291872093308e-01
4.074874371859296684e-01	8.459474254233601869e+02	7.617431324699534375e+13	6.640778859936520769e-16	-5.321838183850029382e-19	5.667093287000060396e-11	7.282910019373102979e-07	5.418017067413277450e-04	9.994574699455878175e-01
4.154773869346733983e-01	8.332501997977600467e+02	7.587001029986114062e+13	5.709828552468784969e-16	-2.853318770082098640e-16	6.101308235139715502e-11	7.696660427036633812e-07	5.590084076275137186e-04	9.994402218653191117e-01
4.234673366834171282e-01	8.204101958041600255e+02	7.554840067454870312e+13	7.137285690585981704e-16	6.083943557918482883e-17	6.585499606131367653e-11	8.150255490303953145e-07	5.775089023724945579e-04	9.994216760062256677e-01
4.314572864321608581e-01	8.074334001561600189e+02	7.520891936094273438e+13	2.172217384091386165e-16	8.566477711165750578e-17	7.126570227960259899e-11	8.648467966088604012e-07	5.974232440712913105e-04	9.994017118378685227e-01
4.394472361809045879e-01	7.943259136000000353e+02	7.485100316537651562e+13	0.000000000000000000e+00	1.661708822687482410e-15	7.733161507998359719e-11	9.196740848056124743e-07	6.188843710656106306e-04	9.993801958775188066e-01
4.474371859296483178e-01	7.810939509145600823e+02	7.447409191966517188e+13	3.351421106883852926e-16	1.914439237311299090e-15	8.414088389356324505e-11	9.801330237376392608e-07	6.420409374665821990e-04	9.993569788453686709e-01
4.554271356783919922e-01	7.677438409113601665e+02	7.407762975918960938e+13	5.089195014156961759e-16	6.290553530916108297e-16	9.180752302872140630e-11	1.046957316136798843e-06	6.670634992037186928e-04	9.993318894516738382e-01
4.634170854271357221e-01	7.542820264345600663e+02	7.366106647261260938e+13	2.482534153247299249e-16	8.452394898503290237e-16	1.004741060995229543e-10	1.120997037922630947e-06	6.941436677803163252e-04	9.993047352347088630e-01
4.714070351758794519e-01	7.407150643609600138e+02	7.322385892585435938e+13	5.089195014156963731e-16	-6.504680629617647113e-16	1.102905140307740533e-10	1.203234595890754459e-06	7.234954885019946038e-04	9.992753011666135610e-01
4.793969849246231818e-01	7.270496256000000130e+02	7.276547256300337500e+13	2.110154030260204534e-16	1.994775730075029372e-15	1.214607321072087037e-10	1.294808234466117875e-06	7.553583634414846176e-04	9.992433467068632114e-01
4.873869346733669117e-01	7.132924950937600670e+02	7.228538298688545312e+13	2.730787568572029223e-16	-6.914774024949102902e-17	1.341874337657474744e-10	1.397039240619669787e-06	7.900003968303818264e-04	9.992086024297434088e-01
4.953768844221105860e-01	6.994505718169601778e+02	7.178307762206023438e+13	5.151258367988145855e-16	1.000052007211478249e-15	1.487558735724803808e-10	1.511465633684936472e-06	8.277222322643822345e-04	9.991707661533471008e-01
5.033668341708543714e-01	6.855308687769598919e+02	7.125805746306378125e+13	3.103167691559125417e-16	9.693661975126930740e-16	1.654774008592247414e-10	1.639881311596058179e-06	8.688614551975917116e-04	9.991294984980149119e-01
5.113567839195980458e-01	6.715405130137601191e+02	7.070983891076087500e+13	-2.482534153247300974e-17	2.409562599093529771e-15	1.847412114888262680e-10	1.784384106545960128e-06	9.137976542818062979e-04	9.990844177768706258e-01
5.193467336683417201e-01	6.574867456000000630e+02	7.013795569972019531e+13	3.847927937533316325e-16	1.772731125149998064e-15	2.069995829549079882e-10	1.947432821002217669e-06	9.629582439182315110e-04	9.990350941162616794e-01
5.273366834170855055e-01	6.433769216409599494e+02	6.954196091957102344e+13	4.654751537338688865e-16	1.411759283429153328e-16	2.328126418391893246e-10	2.131916752618375627e-06	1.016825173373909043e-03	9.989810426770628915e-01
5.353266331658291799e-01	6.292185102745600034e+02	6.892142913334902344e+13	5.585701844806427624e-16	2.310261232963638767e-15	2.628667150505601642e-10	2.341239474360478975e-06	1.075942681407996522e-03	9.989217158162508881e-01
5.433165829145729653e-01	6.150190946713599942e+02	6.827595859588470312e+13	3.413484460715039487e-16	4.070107481665795216e-16	2.979706651422459805e-10	2.579466640134975696e-06	1.140939475964458921e-03	9.988564807594264572e-01
5.513065326633166396e-01	6.007863720345602587e+02	6.760517357533667969e+13	3.041104337727944772e-16	1.877892959446201196e-15	3.391671920251845586e-10	2.851564580794634420e-06	1.212567416479512885e-03	9.987845806797729376e-01
5.592964824120603140e-01	5.865281536000002234e+02	6.690872678101811719e+13	3.475547814546222597e-16	2.625746735852248556e-15	3.877161527788605808e-10	3.163499205221227482e-06	1.291690700529356814e-03	9.987051454125491778e-01
5.672864321608040994e-01	5.722523646361599958e+02	6.618630190071309375e+13	6.454588798442985245e-16	1.241061485502669687e-15	4.451817705158211269e-10	3.522432067572146937e-06	1.379296765897226841e-03	9.986171803568543170e-01
5.752763819095477738e-01	5.579670444441600239e+02	6.543761625072614844e+13	6.082208675455891516e-16	2.384737257561056921e-15	5.135232514700945458e-10	3.936986303465276608e-06	1.476515844491682388e-03	9.985195466556819888e-01
5.832663316582915591e-01	5.436803463577599587e+02	6.466242354195606250e+13	2.482534153247302823e-17	8.393790216840165013e-16	5.951568105802751581e-10	4.417576566604432308e-06	1.584643933064231510e-03	9.984109378952140679e-01
5.912562814070352335e-01	5.294005377433602462e+02	6.386051676533239062e+13	1.489520491948381817e-16	2.958813643239794335e-15	6.931347488213311427e-10	4.976821007007028692e-06	1.705169814615802634e-03	9.982898526712418175e-01
5.992462311557789079e-01	5.151359999999999673e+02	6.303173120000000781e+13	4.654751537338693795e-16	2.099937564371231715e-15	8.112603262825169136e-10	5.630055029005187148e-06	1.839806881516820730e-03	9.981545622521941219e-01
6.072361809045226932e-01	5.008952285593600209e+02	6.217594754768522656e+13	3.475547814546225555e-16	3.706667419645841301e-15	9.543616882367310191e-10	6.395975863231155765e-06	1.990530561354301922e-03	9.980030725084196863e-01
6.152261306532663676e-01	4.866868328857599977e+02	6.129309519672339844e+13	5.833955260131164993e-16	3.811829253942044827e-15	1.128565696513731334e-09	7.297653781196462913e-06	2.159659636739541706e-03	9.978330415809125720e-01
6.232160804020101530e-01	4.725195364761600558e+02	6.038315561927585156e+13	3.041104337727947237e-16	6.005739900095240421e-15	1.341850023417980560e-09	8.364326730601156950e-06	2.350033376360003562e-03	9.976416009550560515e-01
6.312060301507538274e-01	4.584021768601600115e+02	5.944616590531137500e+13	4.406498122013965300e-16	6.493619324843935819e-15	1.604508687908579111e-09	9.632584394315464542e-06	2.565009405862873296e-03	9.974253564052298904e-01
6.391959798994975017e-01	4.443437056000001917e+02	5.848222243697459375e+13	2.017058999513435539e-16	9.620882074463112976e-15	1.929914178196293814e-09	1.114818177389537830e-05	2.808526750070738584e-03	9.971803231382342370e-01
6.471859296482412871e-01	4.303531882905599559e+02	5.749148470701096875e+13	5.523638490975254375e-16	9.837066211221832156e-15	2.335466765656016227e-09	1.296856812868630783e-05	3.085216469089464755e-03	9.969018126273079261e-01
6.551758793969849615e-01	4.164398045593601978e+02	5.647417928496560156e+13	1.055077015130104979e-16	1.507204264606416368e-14	2.843997242585877655e-09	1.516617342568403777e-05	3.400535058006953076e-03	9.965842959245579946e-01
6.631658291457287469e-01	4.026128480665598772e+02	5.543060393492029688e+13	6.020145321624718267e-16	1.897646151292094647e-14	3.485527937047957812e-09	1.783269105669471198e-05	3.760925482755598983e-03	9.962212383406429117e-01
6.711557788944724212e-01	3.888817265049600564e+02	5.436113188858091406e+13	2.544597507078489261e-16	2.539165999768676056e-14	4.299903831049326491e-09	2.108505491594608750e-05	4.174062139186178293e-03	9.958048485059716182e-01
6.791457286432162066e-01	3.752559615999998073e+02	5.326621627757362500e+13	1.427457138117201419e-16	3.541475671978691232e-14	5.341227730158930131e-09	2.507765368877429079e-05	4.649683706141292082e-03	9.953252332989093176e-01
6.871356783919598810e-01	3.617451891097600196e+02	5.214639472885762500e+13	2.606660860909672864e-16	4.657566874577914056e-14	6.683365244588885512e-09	3.001444695507340675e-05	5.199945777835163555e-03	9.947700330918006761e-01
6.951256281407035553e-01	3.483591588249600477e+02	5.100229412720694531e+13	3.941022968280100358e-16	6.411384950980485514e-14	8.427216139296918349e-09	3.616299867255972559e-05	5.839605718325944182e-03	9.941242228557241045e-01
7.031155778894473407e-01	3.351077345689600406e+02	4.983463554876380469e+13	7.013158982923644080e-16	8.988289881359618794e-14	1.071151089792410075e-08	4.387619015788512308e-05	6.586614168217400263e-03	9.933694989300263511e-01
7.111055276381910151e-01	3.220008941977600898e+02	4.864423936971121875e+13	-8.688869536365578678e-17	1.248482380391851014e-13	1.372830626823535684e-08	5.362197473254705062e-05	7.462852940659679343e-03	9.924835113561794042e-01
7.190954773869348005e-01	3.090487295999999446e+02	4.743203055416114062e+13	4.840941598832251013e-16	1.764797775447313558e-13	1.774563277173729414e-08	6.602539328365591867e-05	8.495141580962293354e-03	9.914388152799475940e-01
7.270854271356784748e-01	2.962614466969599789e+02	4.619904412540175781e+13	7.447602459741929794e-16	2.526942838359790993e-13	2.314661231969821365e-08	8.195000948984906472e-05	9.718244389077588738e-03	9.901997824545700766e-01
7.350753768844221492e-01	2.836493654425599971e+02	4.494643082469384375e+13	7.882045936560208604e-16	3.644116594606294582e-13	3.048561665002072273e-08	1.026012910769558622e-04	1.117721258269678032e-02	9.887201556402479552e-01
7.430653266331659346e-01	2.712229198233599732e+02	4.367546296185488281e+13	8.968154628605909575e-16	5.291569807775082274e-13	4.056652914028485620e-08	1.296518656621381321e-04	1.292870025341653038e-02	9.869416073138659318e-01
7.510552763819096089e-01	2.589926578585599941e+02	4.238754046191610938e+13	8.068235998053761878e-16	7.844735987176773380e-13	5.456538539890919991e-08	1.654385315571715539e-04	1.504402243369177584e-02	9.847904844685846371e-01
7.590452261306533943e-01	2.469692415999999753e+02	4.108419711218482812e+13	8.006172644222579754e-16	1.176360870887321152e-12	7.421846364282404572e-08	2.132507404037821820e-04	1.761316982296197778e-02	9.821735052169973113e-01
7.670351758793970687e-01	2.351634471321600017e+02	3.976710701409258594e+13	8.657837859449999942e-16	1.787195771647828841e-12	1.021527208101873896e-07	2.778739399060538534e-04	2.075611409705850618e-02	9.789659098085305988e-01
7.750251256281407430e-01	2.235861645721601576e+02	3.843809124425631250e+13	1.030251673597634693e-15	2.754959849289425318e-12	1.424321293815882427e-07	3.664480563621971485e-04	2.463683073583820826e-02	9.749965787729181210e-01
7.830150753768845284e-01	2.122483980697599293e+02	3.709912472922724219e+13	3.227294399221505935e-16	4.319550975609808477e-12	2.013591513722130001e-07	4.895334619547303317e-04	2.946864349623463247e-02	9.700416216783435130e-01
7.910050251256282028e-01	2.011612658073600528e+02	3.575234333844985938e+13	4.965068306494625121e-16	6.878224479919726069e-12	2.888051842856114135e-07	6.628544583407073405e-04	3.552752842525479932e-02	9.638093283043451809e-01
7.989949748743719882e-01	1.903359999999998990e+02	3.440005119999999219e+13	1.027148505906075587e-15	1.114446910279610105e-11	4.204675825714844698e-07	9.101881242291199724e-04	4.317521796224955966e-02	9.559141734347973429e-01
8.069849246231156625e-01	1.797839468953600885e+02	3.304472824371950781e+13	7.292444075163982373e-16	1.839790932632116569e-11	6.222302110816915152e-07	1.269239746309884032e-03	5.292265055835431581e-02	9.458074874467303772e-01
8.149748743718593369e-01	1.695165667737600756e+02	3.168903797641092188e+13	9.247439720846238993e-16	3.098590160955765878e-11	9.371240668850134238e-07	1.799706128250266402e-03	6.545578810999108654e-02	9.327435686067084841e-01
8.229648241206031223e-01	1.595454339481600528e+02	3.033583549380433594e+13	7.571729167404303902e-16	5.327656587561227348e-11	1.437090761565190166e-06	2.595882262426581644e-03	8.165792115778219840e-02	9.157447594357562837e-01
8.309547738693467966e-01	1.498822367641600408e+02	2.898817573405491797e+13	1.067489685896344362e-15	9.352202148749163109e-11	2.244043226651622365e-06	3.808537089116098909e-03	1.026609755367151600e-01	8.935282432374227479e-01
8.389447236180905820e-01	1.405387776000000599e+02	2.764932197757747266e+13	1.030251673597634693e-15	1.678304903420371304e-10	3.571875955963431974e-06	5.689652894037259059e-03	1.300122486354259033e-01	8.642945264267533068e-01
8.469346733668342564e-01	1.315269728665600155e+02	2.632275459807162109e+13	1.917757633383548924e-15	3.079271733941481301e-10	5.794880133819332455e-06	8.653224630620588026e-03	1.655687425751505848e-01	8.257722376061696901e-01
8.549246231155779308e-01	1.228588530073600964e+02	2.501218006963850000e+13	3.438309802247527916e-15	5.763500879117752726e-10	9.560273836697574972e-06	1.336204927460181609e-02	2.111883496650881487e-01	7.754400402101233603e-01
8.629145728643217161e-01	1.145465624985600357e+02	2.372154023493718750e+13	6.668707369160593549e-15	1.097540843903527489e-09	1.599300145216526269e-05	2.088182844633398871e-02	2.684125206899666272e-01	7.106896567647035257e-01
8.709045226130653905e-01	1.066023598489600346e+02	2.245502183937687500e+13	1.422492069810709896e-14	2.119247937728676212e-09	2.702931335587789542e-05	3.289226029183946187e-02	3.375776919193406722e-01	6.295030163562056469e-01
8.788944723618091759e-01	9.903861760000000913e+01	2.121706633638707031e+13	2.962594195131510923e-14	4.117671580334129595e-09	4.579558353682985038e-05	5.177619892970111715e-02	4.156767995198742960e-01	5.325012018491900312e-01
8.868844221105528502e-01	9.186782232575998819e+01	2.001237996885692578e+13	6.512618034275165952e-14	7.977013643623752143e-09	7.706886969373957926e-05	8.062037176138081573e-02	4.949497964659593241e-01	4.243527549258911402e-01
8.948743718592966356e-01	8.510257463295995706e+01	1.884594413188086328e+13	1.412810186613044554e-13	1.529444238136693605e-08	1.278516664474706481e-04	1.231230325407792481e-01	5.630331116015174775e-01	3.137159888966760124e-01
9.028643216080403100e-01	7.875558916095997120e+01	1.772302602199581250e+13	3.019940734071521422e-13	2.876778177339543282e-08	2.072568583927676829e-04	1.825718877103050253e-01	6.047067274099312550e-01	2.125140992532909001e-01
9.108542713567839844e-01	7.283969458176007095e+01	1.664918957814231836e+13	6.307343491478520698e-13	5.274813622410371613e-08	3.263063232977470290e-04	2.608807689052773937e-01	6.079498260249205366e-01	1.308430459977410754e-01
9.188442211055277697e-01	6.736783359999998311e+01	1.563030671962930664e+13	1.285589620762192530e-12	9.405975231604600221e-08	4.978364947528277724e-04	3.579613544056554630e-01	5.688549926599405504e-01	7.268572237861595231e-02
9.268341708542714441e-01	6.235306295296005175e+01	1.467256888642980273e+13	2.544482689873900937e-12	1.622698196576108254e-07	7.326778788585334122e-04	4.690612968097963575e-01	4.937700971163319630e-01	3.643576592265219266e-02
9.348241206030152295e-01	5.780855341055997343e+01	1.378249888718151562e+13	4.857003594803754448e-12	2.695532937266353756e-07	1.036223819369247109e-03	5.846059266409373567e-01	3.977732171588956311e-01	1.658436282265059528e-02
9.428140703517589039e-01	5.374758977536001936e+01	1.296696306031491406e+13	8.920632718577347333e-12	4.304032672230247099e-07	1.407445503462310260e-03	6.929396736629986897e-01	2.987293444623700944e-01	6.923105958984269309e-03
9.508040201005025782e-01	5.018357088256002640e+01	1.223318375377703320e+13	1.573193684950043654e-11	6.599788023150462877e-07	1.837574910247087795e-03	7.833526372991088671e-01	2.120858497897979700e-01	2.723278006314979339e-03
9.587939698492463636e-01	4.713000960000000816e+01	1.158875212886835547e+13	2.665072407001422549e-11	9.738136895216569907e-07	2.316330419745790768e-03	8.509949353510589676e-01	1.456360687810581145e-01	1.051691607799629200e-03
9.667839195979900380e-01	4.460053282816000575e+01	1.104164129375604883e+13	4.344852454554059716e-11	1.387746299100215847e-06	2.836761958677825202e-03	8.974641009587808194e-01	9.928074105967343854e-02	4.170082331232121569e-04
9.747738693467338233e-01	4.260888150016000253e+01	1.060021977227503320e+13	6.808742465993700365e-11	1.911817052308378097e-06	3.389171203518847458e-03	9.272394674636842415e-01	6.919029037047640107e-02	1.791590771835041866e-04
9.827638190954774977e-01	4.116891058176000229e+01	1.027326531367540039e+13	1.021343844548946633e-10	2.541685122604138392e-06	3.956644393571055567e-03	9.452034217325624432e-01	5.074916800779128573e-02	8.822407882045766225e-05
9.907537688442211721e-01	4.029458907136000789e+01	1.006997904902207031e+13	1.458351406767405214e-10	3.249943533136312431e-06	4.512821537235461172e-03	9.552709975821953581e-01	4.016059475038100818e-02	5.233604082231428065e-05
9.987437185929649575e-01	4.000000000000000000e+01	1.000000000000000000e+13	1.971276321880981298e-10	3.982424239984144420e-06	5.023442330110120153e-03	9.600262080286795507e-01	3.490757658304692590e-02	3.879043679821693989e-05
1.006733668341708743e+00	4.000000000000000000e+01	1.000000000000000000e+13	1.971276321880981298e-10	3.982424239984144420e-06	5.023442330110120153e-03	9.600262080286795507e-01	3.490757658304692590e-02	3.879043679821693989e-05
1.014723618090452417e+00	3.409260365462674258e+01	7.264410149696681641e+12	6.356478055692969395e-10	9.260164462600692814e-06	7.873562962374729135e-03	9.835198378004748054e-01	8.595735166536382088e-03	1.603270505794342642e-06
1.022713567839196092e+00	2.905764059878672612e+01	5.277165482301617188e+12	2.165245242779002641e-09	2.244338752843951925e-05	1.258242335879584950e-02	9.857048534122362371e-01	1.690236664070269169e-03	4.101212590414370073e-08
1.030703517587939766e+00	2.476626560182567260e+01	3.833549449126084473e+12	7.931374939055839262e-09	5.763702086947643228e-05	2.077271816090959025e-02	9.789082875476569079e-01	2.613488398230852123e-04	4.993676212811221844e-10
1.038693467336683440e+00	2.110866192920646611e+01	2.784847552759565430e+12	3.149750958217149607e-08	1.579409259776062466e-04	3.555516798209345380e-02	9.642561775765197130e-01	3.068216161670253296e-05	-1.437160883967836113e-10
1.046683417085427337e+00	1.799123112079854181e+01	2.023027482762436768e+12	1.363938102844719350e-07	4.637705463827636993e-04	6.307140588587939467e-02	9.364621291501372680e-01	2.558268621510150710e-06	-2.448302567908195770e-10
1.054673366834171011e+00	1.533419779650427017e+01	1.469610137889477539e+12	6.443825512413922598e-07	1.457367571510558924e-03	1.151336410891148215e-01	8.834082016481624722e-01	1.456431457164304980e-07	-3.344847115764218472e-10
1.062663316582914685e+00	1.306956819594677199e+01	1.067585080178146118e+12	3.269405715226311182e-06	4.815804289767733164e-03	2.112708575150185619e-01	7.839100648033104912e-01	4.293386778997131525e-09	-3.071983005644940131e-10
1.070653266331658360e+00	1.113939021103821148e+01	7.755375892110869141e+11	1.705559540359632154e-05	1.598774482691595056e-02	3.697010879126814142e-01	6.142941169853421979e-01	-3.800718269292761020e-09	-1.519624788521215312e-09
1.078643216080402034e+00	9.494270385478868590e+00	5.633823134536315918e+11	8.493328880542981541e-05	4.936817371259313858e-02	5.659144634387170969e-01	3.846324266692001115e-01	2.077838535765577702e-09	8.128458973488489925e-10
1.086633165829145931e+00	8.092109931049748184e+00	4.092640196012122803e+11	3.748649455583925242e-04	1.312606953106173202e-01	6.945810390799591616e-01	1.737834148998853301e-01	-1.022917063026756590e-08	-4.006849943790020193e-09
1.094623115577889605e+00	6.897027415223701219e+00	2.973061697896707764e+11	1.423329664445078038e-03	2.907717956625249234e-01	6.544190198901619349e-01	5.338586666498772865e-02	-8.536112048361265495e-09	-3.346007868597087962e-09
1.102613065326633279e+00	5.878440551557910787e+00	2.159753957387529297e+11	4.584481241774381391e-03	5.268872032293895336e-01	4.579751192924797487e-01	1.055322688384545231e-02	-2.201274897287322992e-08	-8.634740105513602911e-09
1.110603015075376954e+00	5.010283595788732391e+00	1.568933856889354248e+11	1.223214471812114970e-02	7.589460744411666848e-01	2.275703195737295570e-01	1.251476182686514418e-03	-1.071145094010622479e-08	-4.204253381536680717e-09
1.118592964824120628e+00	4.270340320712584514e+00	1.139737903418978729e+11	2.785223177181349319e-02	8.910929354999754803e-01	8.096729323963978986e-02	8.753419603889230581e-05	3.800235111339350616e-09	1.492296715388125399e-09
1.126582914572864524e+00	3.639675500610628944e+00	8.279523593590771484e+10	5.872819397468965336e-02	9.195257678012603852e-01	2.174241588887309770e-02	3.644575831681254948e-06	-1.596778376562123721e-08	-6.272871781295310390e-09
1.134572864321608199e+00	3.102150356844334489e+00	6.014585522793393707e+10	1.211896083841943750e-01	8.743199963537069408e-01	4.490346380969578895e-03	6.578126622337091026e-08	-1.213229471296703087e-08	-4.767842553758363288e-09
1.142562814070351873e+00	2.644009564823820213e+00	4.369241611799905396e+10	2.433351530008972252e-01	7.559800719537702607e-01	6.848066676599849590e-04	-1.831504240722524316e-08	-9.552214332953933204e-09	-3.755071400591712041e-09
1.150552763819095548e+00	2.253529253814516409e+00	3.173996311123631668e+10	4.466114593959101264e-01	5.533191191373352247e-01	6.943931698426018058e-05	-1.061010367321814701e-08	-5.196708441139191502e-09	-2.043417562728761151e-09
1.158542713567839222e+00	1.920716991860127010e+00	2.305721101762633896e+10	6.895275009677086508e-01	3.104684526802202194e-01	4.034933667786507733e-06	6.788299274470767358e-09	3.323113358485664520e-09	1.306990506485740382e-09
1.166532663316583118e+00	1.637056078404849124e+00	1.674970377401414299e+10	8.715395121767476327e-01	1.284603766852223106e-01	1.164134177937150179e-07	-3.135982245450017823e-09	-1.535408863284446833e-09	-6.039967144875627789e-10
1.174522613065326793e+00	1.395287601036352187e+00	1.216767181003611755e+10	9.588584137563245235e-01	4.114158716459993120e-02	3.915206779067147058e-10	-7.801342930538970095e-10	-3.820103495192296672e-10	-1.503004274364618065e-10
1.182512562814070467e+00	1.189224679158683129e+00	8.839095859500453949e+09	9.894925873998604571e-01	1.050745402636747185e-02	-2.278400734299003037e-08	-1.108053288693739712e-08	-5.426386862292861926e-09	-2.135300726039466262e-09
1.190502512562814141e+00	1.013594141071441079e+00	6.421081767589702606e+09	9.977672852524999136e-01	2.232682310626631344e-03	1.784620512118325572e-08	8.671917825616764583e-09	4.247247887666762237e-09	1.671502643837121333e-09
1.198492462311557816e+00	8.639015829550117376e-01	4.664537156451093674e+09	9.985625971380642785e-01	1.437426027051309438e-03	-1.274434533562570521e-08	-6.193054947408287380e-09	-3.033623910737546866e-09	-1.194091297805482762e-09
1.206482412060301712e+00	7.363163566072433719e-01	3.388511106296032906e+09	9.989677715423351811e-01	1.032245096440369140e-03	-9.153470040650580450e-09	-4.448241507789729812e-09	-2.179182855609772646e-09	-8.578810219849642573e-10
1.214472361809045386e+00	6.275735427557389556e-01	2.461553447293683529e+09	9.992588327461601194e-01	7.411791969741445820e-04	-6.570059702790785236e-09	-3.192881719832397958e-09	-1.564310448882969808e-09	-6.158822782479901760e-10
1.222462311557789061e+00	5.348904014325340794e-01	1.788173384654108763e+09	9.994678725004053632e-01	5.321360806730988458e-04	-4.720448566121086867e-09	-2.294059077133115942e-09	-1.124008894685951852e-09	-4.425619902202719348e-10
1.230452261306532735e+00	4.558951613675893966e-01	1.299002488489877462e+09	9.996179802384550506e-01	3.820259210627675894e-04	-3.388294739044137084e-09	-1.646676138838806870e-09	-8.068470380448362075e-10	-3.176998051269198623e-10
1.238442211055276410e+00	3.885663261141832914e-01	9.436486861867113113e+08	9.997257574340542297e-01	2.742469877908348215e-04	-2.432388801999225378e-09	-1.182126770724559774e-09	-5.792420465661046395e-10	-2.280873724612031770e-10
1.246432160804020306e+00	3.311809437436308290e-01	6.855051093682622910e+08	9.998031348876607050e-01	1.968682863256980683e-04	-1.745946761203255791e-09	-8.485253357147539118e-10	-4.157861882748050799e-10	-1.637276460778256348e-10
1.254422110552763980e+00	2.822705163254211058e-01	4.979790274163738489e+08	9.998586838542646849e-01	1.413184240096861447e-04	-1.253226171998950113e-09	-6.090674729613666120e-10	-2.984539375398951817e-10	-1.175269482070377006e-10
1.262412060301507655e+00	2.405834209117357625e-01	3.617523901099588871e+08	9.998985605224108841e-01	1.014411130560240220e-04	-8.996289307243774837e-10	-4.372208938756462962e-10	-2.142485033380639135e-10	-8.436923945948144202e-11
1.270402010050251329e+00	2.050528803754511908e-01	2.627917734391818643e+08	9.999271857093705584e-01	7.281546459880399510e-05	-6.457692796394317976e-10	-3.138457263332730676e-10	-1.537929579177422465e-10	-6.056292514729473079e-11
1.278391959798995003e+00	1.747696644719962111e-01	1.909027226228383780e+08	9.999477336440439901e-01	5.226719859288044153e-05	-4.635119226031950390e-10	-2.252686070178433893e-10	-1.103885871396879269e-10	-4.347101853625112838e-11
1.286381909547738900e+00	1.489588225423960632e-01	1.386795675826064944e+08	9.999624832738471802e-01	3.751733101004889960e-05	-3.327143871582516063e-10	-1.617006315453557871e-10	-7.923837948833994655e-11	-3.120397321876167667e-11
1.294371859296482574e+00	1.269598524449447041e-01	1.007425258302633464e+08	9.999730706684740733e-01	2.692976569370634843e-05	-2.388225328568557656e-10	-1.160687091121683187e-10	-5.687740949449401664e-11	-2.239837186820258786e-11
1.302361809045226249e+00	1.082097982363848659e-01	7.318350271474450827e+07	9.999806703172862132e-01	1.932999435993596799e-05	-1.714270480049577053e-10	-8.331444137237208289e-11	-4.082692600484899627e-11	-1.607761586808505316e-11
1.310351758793969923e+00	9.222884407050493949e-02	5.316349799113447219e+07	9.999861253252717574e-01	1.387489842499660893e-05	-1.230484828916249813e-10	-5.980230939038795279e-11	-2.930513183789865078e-11	-1.154038585464716156e-11
1.318341708542713819e+00	7.860803566050207636e-02	3.862014544001729786e+07	9.999900408991698741e-01	9.959261397272351721e-06	-8.832314050196071401e-11	-4.292532927454314428e-11	-2.103495013709374025e-11	-8.283636384034860005e-12
1.326331658291457494e+00	6.699881509605656871e-02	2.805525765172236413e+07	9.999928514674623070e-01	7.148647790339592848e-06	-6.339720920004510736e-11	-3.081124748440760120e-11	-1.509847414138871818e-11	-5.945729661096949975e-12
1.334321608040201168e+00	5.710410120998700434e-02	2.038048984375274554e+07	9.999948688669946240e-01	5.131215732953018786e-06	-4.550573753730417642e-11	-2.211598966816384617e-11	-1.083760867016153620e-11	-4.267869871501594693e-12
1.342311557788944842e+00	4.867068724014447095e-02	1.480522372767475992e+07	9.999963169351751002e-01	3.683124206229531819e-06	-3.266360702532379345e-11	-1.587474212578683201e-11	-7.779262102226939961e-12	-3.063513808276767908e-12
1.350301507537688517e+00	4.148276124191361408e-02	1.075512175158506446e+07	9.999973563421302725e-01	2.643700493139344732e-06	-2.344570017235436040e-11	-1.139476088895971803e-11	-5.583786052816852627e-12	-2.198946123941465513e-12
1.358291457286432413e+00	3.535638343800166783e-02	7.812961561343740672e+06	9.999981024160810028e-01	1.897614513594654897e-06	-1.682908234776668683e-11	-8.178892773496920017e-12	-4.008016752872814284e-12	-1.578390484216969809e-12
1.366281407035176088e+00	3.013477918032000241e-02	5.675655726541549899e+06	9.999986379387807434e-01	1.362083179425585480e-06	-1.207967893181255438e-11	-5.870696753732546449e-12	-2.876784460968572776e-12	-1.132859614840249110e-12
1.374271356783919762e+00	2.568432707035869442e-02	4.123029106607253198e+06	9.999990223302255288e-01	9.776855375609146660e-07	-8.670654779518381952e-12	-4.214111841969556495e-12	-2.065032328697028279e-12	-8.131589019532470781e-13
1.382261306532663436e+00	2.189113957363849131e-02	2.995137448953257408e+06	9.999992982414770415e-01	7.017698378663819932e-07	-6.223754442612986885e-12	-3.024940782227497343e-12	-1.482304733558699015e-12	-5.836511782608935119e-13
1.390251256281407111e+00	1.865814862580429667e-02	2.175790688391266391e+06	9.999994962869941384e-01	5.037211276579004679e-07	-4.467272249912749302e-12	-2.171079759328929954e-12	-1.064012715911302113e-12	-4.189978888803352048e-13
1.398241206030151007e+00	1.590262165071654188e-02	1.580583596036490751e+06	9.999996384414759909e-01	3.615643537940416439e-07	-3.206564654276518798e-12	-1.558555514027454644e-12	-7.637324273683397722e-13	-3.006894868623265073e-13
1.406231155778894681e+00	1.355404442518413216e-02	1.148200751749156509e+06	9.999997404780912591e-01	2.595260926818669292e-07	-2.301532244700842975e-12	-1.118416205246959321e-12	-5.480425301079790199e-13	-2.158042695867214773e-13
1.414221105527638356e+00	1.155231661262513289e-02	8.341001194895916851e+05	9.999998137186255631e-01	1.862843775110570840e-07	-1.651895002833873321e-12	-8.027785607024406201e-13	-3.934105987362064393e-13	-1.548477668728460183e-13
1.422211055276382030e+00	9.846213789174733735e-03	6.059245373883415014e+05	9.999998662897116031e-01	1.337124451258208410e-07	-1.185973833049647780e-12	-5.764363196140443840e-13	-2.825002683836435157e-13	-1.111662173183538688e-13
1.430201005025125705e+00	8.392076605326375879e-03	4.401684359354141634e+05	9.999999040245369786e-01	9.597701071738883353e-08	-8.510396641714771427e-13	-4.135309955789892044e-13	-2.027442194563391775e-13	-7.971495095133537937e-14
1.438190954773869601e+00	7.152693538616410052e-03	3.197564053585308720e+05	9.999999311100923327e-01	6.889101824048594525e-08	-6.108577958148173155e-13	-2.968374835922497877e-13	-1.454906623800726172e-13	-5.719296407296940974e-14
1.446180904522613275e+00	6.096348646876467020e-03	2.322841676517033193e+05	9.999999505517437326e-01	4.944905334316886912e-08	-4.382974798641131275e-13	-2.130270978467862808e-13	-1.044211811745345857e-13	-4.117735060073450359e-14
1.454170854271356950e+00	5.196009953959482286e-03	1.687407465102876595e+05	9.999999645067023657e-01	3.549387030062361816e-08	-3.149551302362476688e-13	-1.530890735682843051e-13	-7.505250526827643804e-14	-2.960083588006224029e-14
1.462160804020100624e+00	4.428637698645904175e-03	1.225801991616730811e+05	9.999999745233845161e-01	2.547702611859056710e-08	-2.260416413321067205e-13	-1.099424522678481120e-13	-5.393092012472189606e-14	-2.137192252092575581e-14
1.470150753768844298e+00	3.774594744746831952e-03	8.904728429419001623e+04	9.999999817132255719e-01	1.828706928957810082e-08	-1.623161796878558835e-13	-7.818297508846843001e-14	-3.909510913233944641e-14	-1.562461149581378360e-14
1.478140703517588195e+00	3.217144064737254526e-03	6.468759958296340483e+04	9.999999868739979370e-01	1.312621406669863164e-08	-1.166365221866822327e-13	-5.594479328766256673e-14	-2.809767115594114445e-14	-1.145650458757963655e-14
1.486130653266331869e+00	2.742020437473049500e-03	4.699172549699933734e+04	9.999999905783311105e-01	9.421821155256659995e-09	-8.367909006177086601e-14	-3.996879703586866079e-14	-2.017533281849606182e-14	-8.182319412080639679e-15
1.494120603015075543e+00	2.337065399691370862e-03	3.413671676521616610e+04	9.999999932372519718e-01	6.762857387781800320e-09	-6.004299282184499079e-14	-2.837848377058360374e-14	-1.468593079799781644e-14	-6.026616387923385157e-15
1.502110552763819218e+00	1.991916109665495694e-03	2.479831117465576608e+04	9.999999951457902991e-01	4.854288614389094783e-09	-4.310465058952150016e-14	-2.025378890932829431e-14	-1.077009525130489553e-14	-4.590698929137370764e-15
1.510100502512562892e+00	1.697740161002295797e-03	1.801451033925062802e+04	9.999999965157132520e-01	3.484343562569657793e-09	-3.096466838224845258e-14	-1.431952994672879282e-14	-7.741277008897529794e-15	-3.303359463046582589e-15
1.518090452261306789e+00	1.447009560439830363e-03	1.308647917502669043e+04	9.999999974990257945e-01	2.501015202869101425e-09	-2.240287551293494053e-14	-1.016316399964701564e-14	-5.579439748876662706e-15	-2.366156816439744868e-15
1.526080402010050463e+00	1.233308085713268965e-03	9.506555214285801412e+03	9.999999982048336511e-01	1.795195285710341300e-09	-1.603516101763070108e-14	-7.101008370215732245e-15	-4.294617073534268919e-15	-1.984801787253812980e-15
1.534070351758794137e+00	1.051167093756721774e-03	6.905951618730954578e+03	9.999999987114537303e-01	1.288567419299157073e-09	-1.153815171255753166e-14	-4.752954090504355169e-15	-3.157146775904210735e-15	-1.472378729383986513e-15
1.542060301507537812e+00	8.959255775558455951e-04	5.016766503242346516e+03	9.999999990750989554e-01	9.249163038791362810e-10	-8.390520477056026742e-15	-3.088138097351258770e-15	-2.313372150546869901e-15	-1.148018226774612805e-15
1.550050251256281486e+00	7.636108904913507583e-04	3.644384950481209671e+03	9.999999993361184947e-01	6.638929284397939451e-10	-5.951045380056733673e-15	-2.035479859665200056e-15	-1.719862231708399674e-15	-8.216099535238208202e-16
1.558040201005025382e+00	6.508370858969523415e-04	2.647430702367730646e+03	9.999999995234747363e-01	4.765328582556366948e-10	-4.610672802328666042e-15	-1.583713109492998982e-15	-1.774365419154332741e-15	-1.176654168626289195e-15
1.566030150753769057e+00	5.547182703304259560e-04	1.923202246489871868e+03	9.999999996579569395e-01	3.420491783055686879e-10	-3.242655721828742183e-15	-7.210884391559772402e-16	-1.484209830425736539e-15	-9.751212495896204844e-16
1.574020100502512731e+00	4.727947532588822575e-04	1.397092991932046061e+03	9.999999997544849473e-01	2.455189381145672969e-10	-2.368271489297865528e-15	-1.293601956926553145e-15	-8.179662852506464867e-16	-3.978041311125057064e-16
1.582010050251256406e+00	4.029701033210534265e-04	1.014905651066127803e+03	9.999999998237731891e-01	1.762298492378409526e-10	-7.526862519993466592e-16	-1.185804719393318039e-15	-9.148833466508984979e-16	-5.180086362702451874e-16
1.590000000000000080e+00	3.434575004297168999e-04	7.372690912589309846e+02	0.000000000000000000e+00	0.000000000000000000e+00	0.000000000000000000e+00	0.000000000000000000e+00	0.000000000000000000e+00	0.000000000000000000e+00
