# psi_n	Te [eV]	ne [m^-3]	 0+	1+	...
0.000000000000000000e+00	1.200000000000000000e+03	8.000000000000000000e+13	3.625973214694813226e-16	2.098647500308365284e-16	3.942408102915429187e-15	1.186003667558528808e-10	1.166859435839945951e-06	1.073470883893799495e-03	9.989253621380658199e-01
7.989949748743719465e-03	1.199851524751360103e+03	7.999999942656000000e+13	6.798699777552775046e-16	-5.163589369689027157e-16	3.064856111852725999e-15	1.186813959075035545e-10	1.167461246104980489e-06	1.073795736161326560e-03	9.989250366839084183e-01
1.597989949748743893e-02	1.199406156021759898e+03	7.999999082496031250e+13	4.532466518368516040e-16	-5.163589369689027157e-16	3.203633989930870566e-15	1.188897153802866573e-10	1.168952299663380558e-06	1.074526786565719368e-03	9.989243041422419811e-01
2.396984924623115840e-02	1.198664064860159897e+03	7.999995355136770312e+13	4.532466518368516533e-17	1.770159313914205814e-16	4.666267849977924896e-15	1.192270759902470270e-10	1.171338148437395754e-06	1.075666293355887404e-03	9.989231622492639184e-01
3.195979899497487786e-02	1.197625536348160040e+03	7.999985319943696875e+13	6.798699777552774800e-17	9.032396183911597269e-16	6.140564716776650119e-15	1.196913883882922561e-10	1.174626996107074321e-06	1.077217304905432171e-03	9.989216079484002364e-01
3.994974874371859386e-02	1.196290969599999926e+03	7.999964160045875000e+13	5.212336496123794136e-16	-1.141746807553700373e-15	1.372944202241258566e-15	1.202653661527269987e-10	1.178829705307958009e-06	1.079183677143379615e-03	9.989196373728853606e-01
4.793969849246231679e-02	1.194660877762559949e+03	7.999925682373253125e+13	2.719479911021109920e-16	-1.565463045308614855e-15	4.875696650682258322e-16	1.209826146638808151e-10	1.183960197688920002e-06	1.081570094947389158e-03	9.989172458238735341e-01
5.592964824120603973e-02	1.192735888015359933e+03	7.999862317733020312e+13	3.399349888776387523e-16	3.662117176770359426e-16	4.878864229207430452e-15	1.218470263466830271e-10	1.190035148112545118e-06	1.084382095832830441e-03	9.989144277471667666e-01
6.391959798994975572e-02	1.190516741570560043e+03	7.999765120946323438e+13	5.212336496123794136e-16	8.907637718468920123e-16	6.756206043903723264e-15	1.228428169735055892e-10	1.197074125503460495e-06	1.087626098020569917e-03	9.989111767050031787e-01
7.190954773869347172e-02	1.188004293672960102e+03	7.999623771071429688e+13	2.719479911021109920e-16	9.884244756832087434e-17	4.539152978651450828e-15	1.239682950799155127e-10	1.205099920396641216e-06	1.091309432652705054e-03	9.989074853434540824e-01
7.989949748743718771e-02	1.185199513600000046e+03	7.999426571744051562e+13	2.039609933265832317e-16	2.551894152145202886e-16	5.364586802480936438e-15	1.252476255933220738e-10	1.214138728202740760e-06	1.095440379798051124e-03	9.989033453562206066e-01
8.788944723618091759e-02	1.182103484661759921e+03	7.999160451670417188e+13	5.212336496123794136e-16	3.085544979279523408e-17	4.863360761814420381e-15	1.266743993321638877e-10	1.224220040319552417e-06	1.100028208268397610e-03	9.988987474450117254e-01
9.587939698492463358e-02	1.178717404200960118e+03	7.998810965313270312e+13	2.719479911021109920e-16	-1.744472345546656248e-15	8.950441750780819286e-16	1.282485714117183760e-10	1.235377037701806065e-06	1.105083220804041477e-03	9.988936812739104276e-01
1.038693467336683496e-01	1.175042583592959772e+03	7.998362293815832812e+13	3.625973214694813226e-16	1.047110739493091426e-15	7.193061809114404086e-15	1.300165852026154291e-10	1.247647003909040483e-06	1.110616804163665379e-03	9.988881354188076100e-01
1.118592964824120795e-01	1.171080448245759953e+03	7.997797246213423438e+13	4.985713170205368433e-16	8.125902880237923052e-16	6.337657628613144815e-15	1.319358466417363142e-10	1.261070882950193221e-06	1.116641482953452001e-03	9.988820973142203963e-01
1.198492462311557955e-01	1.166832537600000023e+03	7.997097260987187500e+13	5.892206473879070260e-16	1.645400848471527682e-16	5.684365023531617287e-15	1.340353883670268460e-10	1.275694386357352069e-06	1.123170981592447456e-03	9.988755531899795592e-01
1.278391959798995114e-01	1.162300505128960140e+03	7.996242408019157812e+13	8.385063058981753984e-16	4.874205061871256635e-16	5.940809547240710960e-15	1.363258822556863582e-10	1.291567835224888887e-06	1.130220290128257062e-03	9.988684880057034920e-01
1.358291457286432413e-01	1.157486118338560118e+03	7.995211391012525000e+13	5.892206473879070260e-16	1.291817677009964516e-15	7.944677131792529498e-15	1.388202119134641236e-10	1.308746611895427173e-06	1.137805737473691469e-03	9.988608853770842844e-01
1.438190954773869434e-01	1.152391258767359886e+03	7.993981550445812500e+13	8.158439733063328280e-16	-5.061724509213286488e-16	4.695790730006398839e-15	1.415108081740128083e-10	1.327291445798564421e-06	1.145945071274320423e-03	9.988527274957641477e-01
1.518090452261306733e-01	1.147017921986559941e+03	7.992528867134339062e+13	8.158439733063328280e-16	1.973889034865687151e-16	5.918072635208319094e-15	1.444383979375884346e-10	1.347269188537476537e-06	1.154657546052476579e-03	9.988439950403137368e-01
1.597989949748743754e-01	1.141368217600000207e+03	7.990827966477106250e+13	7.025323103471199763e-16	4.319093549558678365e-16	6.606943362015804884e-15	1.476007938156305589e-10	1.368752829939984877e-06	1.163964018152942011e-03	9.988346670814086670e-01
1.677889447236181053e-01	1.135444369244159816e+03	7.988852123471970312e+13	5.892206473879070260e-16	-1.219920291376799981e-15	3.008308382507220111e-15	1.510036647315328046e-10	1.391822289139747331e-06	1.173887050720728376e-03	9.988247209759844036e-01
1.757788944723618352e-01	1.129248714588160055e+03	7.986573268586684375e+13	8.385063058981753984e-16	-1.086235656322442546e-15	2.899500861100848809e-15	1.546858881409368832e-10	1.416565154967617546e-06	1.184451028088339374e-03	9.988141322520686094e-01
1.837688442211055373e-01	1.122783705333760054e+03	7.983961994578206250e+13	5.212336496123793150e-16	1.090289336158949412e-16	5.712120599147246200e-15	1.586642151228283155e-10	1.443077057997089592e-06	1.195682279850099469e-03	9.988028744844215101e-01
1.917587939698492672e-01	1.116051907215359961e+03	7.980987564357254688e+13	8.385063058981753984e-16	5.882563226020672507e-16	7.501766124884363568e-15	1.629488288637236803e-10	1.471462483451080596e-06	1.207609216901253148e-03	9.987909191576576085e-01
1.997487437185929970e-01	1.109056000000000040e+03	7.977617920000000000e+13	5.212336496123793150e-16	-2.818384854996035943e-16	5.654983768330791970e-15	1.675533945550515425e-10	1.501835658425161973e-06	1.220262479810891925e-03	9.987782355169717574e-01
2.077386934673366992e-01	1.101798777487359985e+03	7.973819693013382812e+13	1.359739955510554713e-16	-1.356780039009782470e-16	5.890317059592690180e-15	1.725212256675134208e-10	1.534321597724292963e-06	1.233675100819542868e-03	9.987647904050559466e-01
2.157286432160804290e-01	1.094283147509760056e+03	7.969558215965365625e+13	1.586363281428980663e-16	-3.928607879621192484e-16	6.126828553796483500e-15	1.778719044904324021e-10	1.569056856366498159e-06	1.247882679886895335e-03	9.987505480853791084e-01
2.237185929648241589e-01	1.086512131932159946e+03	7.964797535596117188e+13	9.064933036737032080e-16	5.429316574183834905e-16	8.022477718412878684e-15	1.836441704322984582e-10	1.606190880147357396e-06	1.262923577679695960e-03	9.987354700477864000e-01
2.317085427135678610e-01	1.078488866652160141e+03	7.959500427530864062e+13	3.625973214694812733e-16	2.219712996839587132e-15	1.172209767321750541e-14	1.898690325263159432e-10	1.645887151245169946e-06	1.278839125647255768e-03	9.987195147973182419e-01
2.396984924623115909e-01	1.070216601599999876e+03	7.953628412719923438e+13	1.586363281428979924e-16	1.258968858370548668e-15	1.002568162205320037e-14	1.965654226401308098e-10	1.688324581936385938e-06	1.295673855607268636e-03	9.987026376232336355e-01
2.476884422110552930e-01	1.061698700738560092e+03	7.947141775736117188e+13	6.798699777552771102e-17	7.242303181531185312e-16	9.054825576977135954e-15	2.037913514183685532e-10	1.733699380702515674e-06	1.313475751080601505e-03	9.986847903457377607e-01
2.556783919597990229e-01	1.052938642063360021e+03	7.939999585064515625e+13	3.399349888776385551e-16	-1.810026690846620072e-16	7.016558073641255051e-15	2.115896984885181452e-10	1.782226537302926381e-06	1.332296520981471246e-03	9.986659210408846965e-01
2.636683417085427528e-01	1.043940017602560147e+03	7.932159715524207812e+13	-2.492856585102682737e-16	2.223405965751043416e-16	8.067876963037113909e-15	2.200213393672011231e-10	1.834142007402947508e-06	1.352191899759122009e-03	9.986459737382042956e-01
2.716582914572864826e-01	1.034706533416959928e+03	7.923578872966517188e+13	6.572076451634344412e-16	-8.290528722613015441e-16	6.340603135967885742e-15	2.291301438668115076e-10	1.889704750677853746e-06	1.373221975100215190e-03	9.986248880910132408e-01
2.796482412060301570e-01	1.025242009600000074e+03	7.914212621398834375e+13	7.705193081226472929e-16	-6.727059046151021299e-16	6.999503506103598660e-15	2.389931498173196329e-10	1.949199525485658816e-06	1.395451547513753762e-03	9.986025990139610897e-01
2.876381909547738869e-01	1.015550380277760041e+03	7.904015412687940625e+13	2.266233259184256541e-16	-1.028291852615623000e-16	8.203478061385415754e-15	2.496768642236669589e-10	2.012939472511061843e-06	1.418950523300170977e-03	9.985790362875422987e-01
2.956281407035176167e-01	1.005635693608959969e+03	7.892940619001457812e+13	2.039609933265831084e-16	2.287699994615112871e-15	1.415956966380961275e-14	2.612715641686994706e-10	2.081269482955068957e-06	1.443794346068648328e-03	9.985541241231604692e-01
3.036180904522613466e-01	9.955021117849598795e+02	7.880940568150814062e+13	2.492856585102682244e-16	-4.710342717852189555e-16	8.678126729378199585e-15	2.738223304340047928e-10	2.154569962918919122e-06	1.470064708523654120e-03	9.985277804476829777e-01
3.116080402010050765e-01	9.851539110297600246e+02	7.867966582003779688e+13	5.212336496123790192e-16	2.098647500308365284e-16	1.092293537024610015e-14	2.874848981155116324e-10	2.233276023889680444e-06	1.497856041789675770e-03	9.984999103946904375e-01
3.195979899497487509e-01	9.745954816000001983e+02	7.853969018139442188e+13	8.838309710818601446e-16	5.327451713708094237e-16	1.233123628200379452e-14	3.023549960292914059e-10	2.317886741522989848e-06	1.527277843325188823e-03	9.984704039675650344e-01
3.275879396984924807e-01	9.638313277849599672e+02	7.838897314923190625e+13	9.291556362655451867e-16	5.882563226020672507e-16	1.306675903581796073e-14	3.185640717775771898e-10	2.408960743182631038e-06	1.558450406064678696e-03	9.984391403146136712e-01
3.355778894472362106e-01	9.528660679065599197e+02	7.822700040183978125e+13	9.518179688573875598e-16	-9.197022026286690644e-16	1.001371276348587878e-14	3.362587370221593141e-10	2.507123195835182178e-06	1.591505570038031538e-03	9.984059869704974277e-01
3.435678391959799405e-01	9.417044343193600753e+02	7.805324943680959375e+13	5.212336496123789206e-16	6.335809877857510109e-16	1.367671801845029761e-14	3.556407739329462258e-10	2.613074962042208114e-06	1.626587851323767426e-03	9.983707987180587828e-01
3.515577889447236704e-01	9.303512734105599975e+02	7.786719013551234375e+13	6.798699777552766171e-16	-6.171947533838443029e-16	1.128773993871826501e-14	3.768707202892200454e-10	2.727602249610430332e-06	1.663855691785806265e-03	9.983334163290827901e-01
3.595477386934674002e-01	9.188115455999999313e+02	7.766828536935218750e+13	4.532466518368511110e-16	-3.600119693227033015e-16	1.320228555472571249e-14	4.002053594761145330e-10	2.851589190393590276e-06	1.703482848371481008e-03	9.982936651622197344e-01
3.675376884422110746e-01	9.070903253401601205e+02	7.745599164980893750e+13	-1.133116629592127777e-16	2.551894152145202886e-16	1.535659402410734451e-14	4.258931479597382215e-10	2.986030838530429112e-06	1.745659934350948274e-03	9.982513536089018258e-01
3.755276381909548045e-01	8.951928011161601262e+02	7.722975982432935938e+13	4.759089844286936813e-16	8.193117200953353996e-18	1.571136126541303528e-14	4.542245763252107250e-10	3.132049185660164191e-06	1.790596135652551893e-03	9.982062713609211047e-01
3.835175879396985343e-01	8.831242754457599631e+02	7.698903582017378125e+13	5.665583147960638640e-16	5.327451713708094237e-16	1.829868503936400935e-14	4.855564500363673388e-10	3.290911505548488382e-06	1.838521122386437869e-03	9.981581874805320886e-01
3.915075376884422642e-01	8.708901648793599861e+02	7.673326143837353125e+13	6.798699777552766171e-17	-1.254915178534041801e-16	1.748550332375714100e-14	5.202685915875478088e-10	3.464051223811038906e-06	1.889687179892129542e-03	9.981068482485979665e-01
3.994974874371859941e-01	8.584959999999998672e+02	7.646187520000000000e+13	2.266233259184255062e-16	7.117544716088507180e-16	2.055574578845453033e-14	5.588373680141141685e-10	3.653092985086947170e-06	1.944371589351584538e-03	9.980519747588043611e-01
4.074874371859296684e-01	8.459474254233601869e+02	7.617431324699534375e+13	6.798699777552764939e-17	-5.265454230164767825e-16	1.923912325112500118e-14	6.017724558234470895e-10	3.859880787803262480e-06	2.002879286805194121e-03	9.979932602306160749e-01
4.154773869346733983e-01	8.332501997977600467e+02	7.587001029986114062e+13	-1.359739955510552741e-16	1.542430697343221559e-15	2.526297811300307642e-14	6.497253761314638225e-10	4.086512101145042879e-06	2.065545840399937369e-03	9.979303669977470648e-01
4.234673366834171282e-01	8.204101958041600255e+02	7.554840067454870312e+13	4.532466518368509137e-17	3.245037748130424387e-16	2.520982336765560881e-14	7.033771975864244310e-10	4.335376195701556913e-06	2.132740782278049786e-03	9.978629231381234144e-01
4.314572864321608581e-01	8.074334001561600189e+02	7.520891936094273438e+13	-2.719479911021105482e-16	-2.138514877240779541e-16	2.509274582349560805e-14	7.635904703386354092e-10	4.609200774845540801e-06	2.204871346849867145e-03	9.977905186887601197e-01
4.394472361809045879e-01	7.943259136000000353e+02	7.485100316537651562e+13	-1.586363281428978198e-16	7.606958591122246851e-16	2.889570715948006970e-14	8.313607601664321366e-10	4.911105348783739046e-06	2.282386663439469558e-03	9.977127013998214888e-01
4.474371859296483178e-01	7.810939509145600823e+02	7.447409191966517188e+13	-4.532466518368509137e-17	4.808507424592418036e-16	3.176678355611246664e-14	9.078345996892581001e-10	5.244664381301971710e-06	2.365782465973423777e-03	9.976289719617783547e-01
4.554271356783919922e-01	7.677438409113601665e+02	7.407762975918960938e+13	1.133116629592127038e-16	-3.600119693227033015e-16	3.284813984756719612e-14	9.943783984823489204e-10	5.613982010501643954e-06	2.455606388019143226e-03	9.975387786355591757e-01
4.634170854271357221e-01	7.542820264345600663e+02	7.366106647261260938e+13	-2.039609933265828372e-16	1.763147940445256604e-15	4.004658800952626472e-14	1.092629398913044758e-09	6.023780046530435398e-06	2.552463920066592399e-03	9.974415112072160250e-01
4.714070351758794519e-01	7.407150643609600138e+02	7.322385892585435938e+13	-4.532466518368507289e-17	6.007321691463350639e-16	4.153386771084620181e-14	1.204472019769286073e-09	6.479501413453749947e-06	2.657025116807665895e-03	9.973364941772646652e-01
4.793969849246231818e-01	7.270496256000000130e+02	7.276547256300337500e+13	-3.399349888776380621e-16	-7.610658744857759038e-16	4.232947280283156396e-14	1.332197424041657098e-09	6.987433985113921846e-06	2.770032158330217823e-03	9.972229790754457701e-01
4.873869346733669117e-01	7.132924950937600670e+02	7.228538298688545312e+13	-2.266233259184253644e-17	4.115363828607197028e-16	5.020305552861794779e-14	1.478542170799051191e-09	7.554856523366174270e-06	2.892307876577231152e-03	9.971001357883068072e-01
4.953768844221105860e-01	6.994505718169601778e+02	7.178307762206023438e+13	-3.625973214694805338e-16	9.884244756832087434e-17	5.492430726580195696e-14	1.646728568969132571e-09	8.190212220672751493e-06	3.024765384860346722e-03	9.969670427561356796e-01
5.033668341708543714e-01	6.855308687769598919e+02	7.125805746306378125e+13	-1.133116629592126298e-16	-6.273812394314183697e-16	5.994990833608418306e-14	1.840690236983820327e-09	8.903457365703279383e-06	3.168444788086891614e-03	9.968226499137979868e-01
5.113567839195980458e-01	6.715405130137601191e+02	7.070983891076087500e+13	-1.359739955510551509e-16	-6.727059046151021299e-16	6.722910259201834177e-14	2.065261619601828485e-09	9.706731403857463575e-06	3.324594240571068435e-03	9.966656969626966900e-01
5.193467336683417201e-01	6.574867456000000630e+02	7.013795569972019531e+13	-5.438959822042206035e-16	-4.585584252409511423e-16	7.631344584108262318e-14	2.326333319914442717e-09	1.061447144332043980e-05	3.494631805879846575e-03	9.964947513962683079e-01
5.273366834170855055e-01	6.433769216409599494e+02	6.954196091957102344e+13	2.266233259184252104e-16	6.890921390170088379e-16	8.956555499460353743e-14	2.631109176065593267e-09	1.164378067676328257e-05	3.680149527954033536e-03	9.963082040601692890e-01
5.353266331658291799e-01	6.292185102745600034e+02	6.892142913334902344e+13	-1.359739955510551016e-16	1.228321419831593136e-16	1.003396624176102428e-13	2.988392092599106806e-09	1.281497818101155233e-05	3.882936622380931541e-03	9.961042454109451105e-01
5.433165829145729653e-01	6.150190946713599942e+02	6.827595859588470312e+13	-6.798699777552755078e-17	-6.828923906626761967e-16	1.123801906740072007e-13	3.409052038524339068e-09	1.415227430337293301e-05	4.105006064308037647e-03	9.958808382522249536e-01
5.513065326633166396e-01	6.007863720345602587e+02	6.760517357533667969e+13	-2.266233259184251795e-17	-1.721810012954814269e-15	1.273794170365551895e-13	3.906509527727997240e-09	1.568460089320731078e-05	4.348625085519719838e-03	9.956356864069517698e-01
5.592964824120603140e-01	5.865281536000002234e+02	6.690872678101811719e+13	4.079219866531651814e-16	1.125284223316191035e-15	1.546139232295597263e-13	4.497434329221903772e-09	1.744663627481639920e-05	4.616350176339685876e-03	9.953661986897952563e-01
5.672864321608040994e-01	5.722523646361599958e+02	6.618630190071309375e+13	1.133116629592125312e-16	7.344168042006925980e-16	1.783900413077844918e-13	5.202518587560058798e-09	1.948007252045521023e-05	4.911067273730645652e-03	9.950694474510509702e-01
5.752763819095477738e-01	5.579670444441600239e+02	6.543761625072614844e+13	-2.492856585102675835e-16	-1.129270961009432461e-15	2.036805309820333161e-13	6.047712327164818839e-09	2.183518968616361694e-05	5.236037927757477423e-03	9.947421208346418631e-01
5.832663316582915591e-01	5.436803463577599587e+02	6.466242354195606250e+13	1.586363281428975486e-16	1.493489309839847690e-15	2.468779607174630792e-13	7.065644686441861523e-09	2.457281330975935436e-05	5.594952348338350610e-03	9.943804677724584762e-01
5.912562814070352335e-01	5.294005377433602462e+02	6.386051676533239062e+13	-3.852596540613224139e-16	-9.627375073156589796e-16	2.851015120504807338e-13	8.297360961209905204e-09	2.776675592638568063e-05	5.991990375076469005e-03	9.939802345713518728e-01
5.992462311557789079e-01	5.151359999999999673e+02	6.303173120000000781e+13	-2.039609933265824675e-16	3.107005664457781156e-16	3.423866637152550022e-13	9.795019983427605951e-09	3.150687556988883534e-05	6.431891575451106381e-03	9.935365917536161939e-01
6.072361809045226932e-01	5.008952285593600209e+02	6.217594754768522656e+13	1.359739955510549783e-16	3.107005664457781156e-16	4.099021014002723343e-13	1.162490250671302584e-08	3.590290945274742077e-05	6.920035832979239999e-03	9.930440496322553434e-01
6.152261306532663676e-01	4.866868328857599977e+02	6.129309519672339844e+13	3.625973214694797942e-16	5.678833505069191170e-16	4.949701367796479045e-13	1.387274322302535527e-08	4.109178788064766960e-05	7.462845959822611216e-03	9.924960483790580268e-01
6.232160804020101530e-01	4.725195364761600558e+02	6.038315561927585156e+13	2.266233259184248652e-16	1.014261920853675381e-15	6.022886955770622437e-13	1.665422060640352833e-08	4.725567443721703954e-05	8.069196147051628520e-03	9.918835315236872452e-01
6.312060301507538274e-01	4.584021768601600115e+02	5.944616590531137500e+13	1.586363281428974007e-16	-1.911891551322360740e-16	7.337562233056055733e-13	2.012347543750655631e-08	5.462908818724560034e-05	8.749935703601285225e-03	9.911954150840027733e-01
6.391959798994975017e-01	4.443437056000001917e+02	5.848222243697459375e+13	-9.064933036736988693e-17	-1.207444444832532266e-15	9.028945623288446094e-13	2.448578476657347188e-08	6.351132850331578589e-05	9.517836273631360630e-03	9.904186279111789615e-01
6.471859296482412871e-01	4.303531882905599559e+02	5.749148470701096875e+13	-4.305843192450069629e-16	-8.947505095401334380e-16	1.125632467542795663e-12	3.001641395671525505e-08	7.428644103975822182e-05	1.038796451678294062e-02	9.895377190246388288e-01
6.551758793969849615e-01	4.164398045593601978e+02	5.647417928496560156e+13	-9.064933036736984995e-17	1.215933553683558555e-15	1.421688209800188051e-12	3.708713699246233370e-08	8.744994786852910485e-05	1.137813274573991860e-02	9.885343802178320205e-01
6.631658291457287469e-01	4.026128480665598772e+02	5.543060393492029688e+13	-1.812986607347396999e-16	1.316912662077368213e-16	1.802610300736019192e-12	4.620370030685243377e-08	1.036448001709816785e-04	1.250944243766377237e-02	9.873868665566619685e-01
6.711557788944724212e-01	3.888817265049600564e+02	5.436113188858091406e+13	2.039609933265821470e-16	-9.298886886762431313e-16	2.312059014122132262e-12	5.805928380300572794e-08	1.237099602884513005e-04	1.380693783007284035e-02	9.860692941480433404e-01
6.791457286432162066e-01	3.752559615999998073e+02	5.326621627757362500e+13	2.266233259184245016e-17	-1.588125377900456636e-15	3.001129635363813691e-12	7.361085787001176718e-08	1.487463377229267475e-04	1.530038900938279940e-02	9.845507910390366435e-01
6.871356783919598810e-01	3.617451891097600196e+02	5.214639472885762500e+13	2.039609933265820237e-16	-1.028291852615623000e-16	3.945239827866715743e-12	9.418935264362963524e-08	1.802066651076446346e-04	1.702522577524379771e-02	9.827944733663505072e-01
6.951256281407035553e-01	3.483591588249600477e+02	5.100229412720694531e+13	-1.359739955510546578e-16	7.468926507449604113e-16	5.246525374482425272e-12	1.216593520508227948e-07	2.200184981876046066e-04	1.902364458146822701e-02	9.807562152557450785e-01
7.031155778894473407e-01	3.351077345689600406e+02	4.983463554876380469e+13	2.492856585102667946e-16	-1.242582623968641960e-15	7.052866788819963951e-12	1.586520517128913138e-07	2.707531772628781375e-04	2.134591026759698890e-02	9.783831778960365710e-01
7.111055276381910151e-01	3.220008941977600898e+02	4.864423936971121875e+13	-2.266233259184243167e-17	-4.155231205539611285e-16	9.611260744680705627e-12	2.089072173350877151e-07	3.358588877837343531e-04	2.405187503368498916e-02	9.756120571617030723e-01
7.190954773869348005e-01	3.090487295999999446e+02	4.743203055416114062e+13	-4.532466518368483499e-16	-7.282170558463599569e-16	1.325937601921661864e-11	2.777776730124913199e-07	4.199831911397657654e-04	2.721272749565728163e-02	9.723670115222711186e-01
7.270854271356784748e-01	2.962614466969599789e+02	4.619904412540175781e+13	-6.345453125715877294e-16	-3.146873041390195413e-16	1.853212043716609313e-11	3.729810019172264354e-07	5.294256144017795958e-04	3.091315792716341215e-02	9.685570434589010347e-01
7.350753768844221492e-01	2.836493654425599971e+02	4.494643082469384375e+13	1.359739955510544606e-16	-1.256385832335906529e-15	2.625541200128890839e-11	5.060973031603589767e-07	6.733278271350537402e-04	3.527083601997897666e-02	9.640553300293283057e-01
7.430653266331659346e-01	2.712229198233599732e+02	4.367546296185488281e+13	-3.625973214694785123e-16	1.538813975023531648e-15	3.780368070877714555e-11	6.952491552647217649e-07	8.657413422786153397e-04	4.046158197607895718e-02	9.586719813946817936e-01
7.510552763819096089e-01	2.589926578585599941e+02	4.238754046191610938e+13	2.039609933265816046e-16	9.324717147108856641e-16	5.539750884352415691e-11	9.686338479392564032e-07	1.127484046888008228e-03	4.671041948607150551e-02	9.521611277777938254e-01
7.590452261306533943e-01	2.469692415999999753e+02	4.108419711218482812e+13	-3.852596540613206882e-16	1.905691699724191843e-15	8.278508037388525811e-11	1.370668487844977829e-06	1.489601614199874673e-03	5.430088246942871982e-02	9.442081451650969903e-01
7.670351758793970687e-01	2.351634471321600017e+02	3.976710701409258594e+13	-5.892206473879017998e-16	8.250661345680601184e-16	1.263198113018250325e-10	1.972298382941796882e-06	1.998875713458257534e-03	6.358831292850475325e-02	9.344108389333335429e-01
7.750251256281407430e-01	2.235861645721601576e+02	3.843809124425631250e+13	2.719479911021084775e-16	8.181310076908772810e-16	1.970224594606424200e-10	2.888337692039113738e-06	2.726458510781021392e-03	7.501364562421876381e-02	9.222570073302881477e-01
7.830150753768845284e-01	2.122483980697599293e+02	3.709912472922724219e+13	3.399349888776355476e-16	2.629924343989434424e-15	3.142868346142588710e-10	4.306804224517847219e-06	3.781378049307103709e-03	8.911476737797378866e-02	9.070995474542080661e-01
7.910050251256282028e-01	2.011612658073600528e+02	3.575234333844985938e+13	5.212336496123742860e-16	3.554202941499367720e-15	5.127563265673180045e-10	6.538634575159742915e-06	5.331488994674355580e-03	1.065295695262187675e-01	8.881324023317750394e-01
7.989949748743719882e-01	1.903359999999998990e+02	3.440005119999999219e+13	9.971426340410634314e-16	6.355972512586689264e-15	8.555175571769415985e-10	1.010558108853236981e-05	7.638689689200892259e-03	1.280083757670437417e-01	8.643428281071456887e-01
8.069849246231156625e-01	1.797839468953600885e+02	3.304472824371950781e+13	4.759089844286892440e-16	1.250768804019673074e-14	1.461454615490177033e-09	1.591579855412233928e-05	1.113209496985859658e-02	1.545152039479702755e-01	8.343367838221532606e-01
8.149748743718593369e-01	1.695165667737600756e+02	3.168903797641092188e+13	7.931816407144816788e-16	2.138794373921367797e-14	2.557080394238153241e-09	2.555135327739169819e-05	1.650446401873109648e-02	1.870703056633078731e-01	7.963996764075845780e-01
8.229648241206031223e-01	1.595454339481600528e+02	3.033583549380433594e+13	1.133116629592116438e-16	4.074211890870299007e-14	4.575844869501540726e-09	4.175065280516403611e-05	2.485143736077834176e-02	2.264589651843851026e-01	7.486478422261486632e-01
8.309547738693467966e-01	1.498822367641600408e+02	2.898817573405491797e+13	-6.798699777552695913e-17	8.108982304747002543e-14	8.344450623969606194e-09	6.918483675955782244e-05	3.785644065562635691e-02	2.727562981051689373e-01	6.893180680579160668e-01
8.389447236180905820e-01	1.405387776000000599e+02	2.764932197757747266e+13	7.025323103471116933e-16	1.619957620820585579e-13	1.544722274507422215e-08	1.158010577146592352e-04	5.808017495295735022e-02	3.248216236688690750e-01	6.169823848730764393e-01
8.469346733668342564e-01	1.315269728665600155e+02	2.632275459807162109e+13	5.892206473878997291e-16	3.293651909473150753e-13	2.902303789123860723e-08	1.955888576271202388e-04	8.958110485897091690e-02	3.798576464996092916e-01	5.303656307604277531e-01
8.549246231155779308e-01	1.228588530073600964e+02	2.501218006963850000e+13	4.985713170205302366e-16	6.784097962174553479e-13	5.501623356877317364e-08	3.311613882821667367e-04	1.378564169374065229e-01	4.310854016640473518e-01	4.307269649933543332e-01
8.629145728643217161e-01	1.145465624985600357e+02	2.372154023493718750e+13	-1.133116629592113726e-16	1.386104158781929675e-12	1.038371058406933050e-07	5.545045134657359013e-04	2.086321194710407667e-01	4.667630219466591401e-01	3.240502502303451715e-01
8.709045226130653905e-01	1.066023598489600346e+02	2.245502183937687500e+13	1.586363281428958477e-16	2.773110003200277057e-12	1.917175570247293165e-07	9.020622518307185207e-04	3.048222668620962361e-01	4.729543330653095401e-01	2.213211461004356562e-01
8.788944723618091759e-01	9.903861760000000913e+01	2.121706633638707031e+13	4.985713170205297435e-16	5.342627091800382112e-12	3.404237345058379310e-07	1.401842377139415766e-03	4.225148536311097436e-01	4.410253492488100391e-01	1.350576143138655372e-01
8.868844221105528502e-01	9.186782232575998819e+01	2.001237996885692578e+13	6.798699777552672494e-17	9.821746997620894579e-12	5.766953305896732320e-07	2.064196654517821798e-03	5.505934355590500484e-01	3.745678966863206227e-01	7.277389439496104173e-02
8.948743718592966356e-01	8.510257463295995706e+01	1.884594413188086328e+13	5.212336496123714264e-16	1.730320296555328330e-11	9.353323261334036843e-07	2.887219571080138804e-03	6.750936905468457594e-01	2.878948604916504173e-01	3.412329404079614270e-02
9.028643216080403100e-01	7.875558916095997120e+01	1.772302602199581250e+13	-4.532466518368445043e-17	2.935957649516861292e-11	1.459718056914430128e-06	3.853794816795083188e-03	7.818640443518841687e-01	2.004016802392351859e-01	1.387902084467122765e-02
9.108542713567839844e-01	7.283969458176007095e+01	1.664918957814231836e+13	4.532466518368443070e-16	4.835768378455511843e-11	2.208992430985696697e-06	4.948295700014410277e-03	8.624522977217662367e-01	1.276418696526749330e-01	4.955327884757718300e-03
9.188442211055277697e-01	6.736783359999998311e+01	1.563030671962930664e+13	-1.133116629592110275e-16	7.803823772063147096e-11	3.272410887855837008e-06	6.176197726510393969e-03	9.165397492693089232e-01	7.569101311828864420e-02	1.589767396967914446e-03
9.268341708542714441e-01	6.235306295296005175e+01	1.467256888642980273e+13	5.212336496123703417e-16	1.247111982549227523e-10	4.795968407638837089e-06	7.579321148638648240e-03	9.496110254671054074e-01	4.234070890660140279e-02	4.641483845370853898e-04
9.348241206030152295e-01	5.780855341055997343e+01	1.378249888718151562e+13	3.625973214694748638e-16	1.988416920384511057e-10	7.005369340013438221e-06	9.223086540386898555e-03	9.680673202221302676e-01	2.257805663418143566e-02	1.245310351213257331e-04
9.428140703517589039e-01	5.374758977536001936e+01	1.296696306031491406e+13	9.971426340410553456e-16	3.167935514333023695e-10	1.021762887576708494e-05	1.117475613031432627e-02	9.771070774987259400e-01	1.167635043844958767e-02	3.159798684196682937e-05
9.508040201005025782e-01	5.018357088256002640e+01	1.223318375377703320e+13	9.971426340410545567e-16	5.027048582772296658e-10	1.484642022911166040e-05	1.349136107008975724e-02	9.804947651218912652e-01	5.991103358418095777e-03	7.923526667574913335e-06
9.587939698492463636e-01	4.713000960000000816e+01	1.158875212886835547e+13	1.314415290326844231e-15	7.897683119386947093e-10	2.138810687088459121e-05	1.620850251144059784e-02	9.806434847939715649e-01	3.124560750264585452e-03	2.063047684200666079e-06
9.667839195979900380e-01	4.460053282816000575e+01	1.104164129375604883e+13	2.583505915470003320e-15	1.220586273869419953e-09	3.039438497557575130e-05	1.933607385553096775e-02	9.789427841314071177e-01	1.690164746017138332e-03	5.816614822508835467e-07
9.747738693467338233e-01	4.260888150016000253e+01	1.060021977227503320e+13	3.603310882102898475e-15	1.837393495410652324e-09	4.225496776004139391e-05	2.281361671074836825e-02	9.761690322963603172e-01	9.749057442060948386e-04	1.884435294862702084e-07
9.827638190954774977e-01	4.116891058176000229e+01	1.027326531367540039e+13	5.484284487225794737e-15	2.661912676759311407e-09	5.687957014842582860e-05	2.648662292242641436e-02	9.728369554881339809e-01	6.194641055050230296e-04	7.525186936242408240e-08
9.907537688442211721e-01	4.029458907136000789e+01	1.006997904902207031e+13	8.430387724165270505e-15	3.669712812800315370e-09	7.339587374549947979e-05	3.011114504952564289e-02	9.693683115556669394e-01	4.471042893741147112e-04	3.956196798236583635e-08
9.987437185929649575e-01	4.000000000000000000e+01	1.000000000000000000e+13	1.074194564853316693e-14	4.774247427344765183e-09	9.007123093415359395e-05	3.339046116013977966e-02	9.661442710325732763e-01	3.751630468426622083e-04	2.875525324375006870e-08
1.006733668341708743e+00	4.000000000000000000e+01	1.000000000000000000e+13	1.074194564853316693e-14	4.774247427344765183e-09	9.007123093415359395e-05	3.339046116013977966e-02	9.661442710325732763e-01	3.751630468426622083e-04	2.875525324375006870e-08
1.014723618090452417e+00	3.409260365462674258e+01	7.264410149696681641e+12	4.471278220370444386e-14	1.579620016535401543e-08	2.384564038859097513e-04	5.393764255274309527e-02	9.457772094047020017e-01	4.667548101261556501e-05	3.614125674530706395e-10
1.022713567839196092e+00	2.905764059878672612e+01	5.277165482301617188e+12	2.067031355701915047e-13	5.640206248522181565e-08	6.691337868425783217e-04	8.907619235162068938e-02	9.102500065630093617e-01	4.610894331859510647e-06	1.927234976825327202e-12
1.030703517587939766e+00	2.476626560182567260e+01	3.833549449126084473e+12	1.050081842975592903e-12	2.176597763667233773e-07	1.987306473851259761e-03	1.493828714163837057e-01	8.486292790458778157e-01	3.254065424634396805e-07	-3.480700223934744479e-12
1.038693467336683440e+00	2.110866192920646611e+01	2.784847552759565430e+12	6.007081837786974054e-12	9.291495633205135961e-07	6.327128762887616366e-03	2.526984048075303635e-01	7.409735250385669492e-01	1.224441277657899428e-08	-8.967519955117054494e-12
1.046683417085427337e+00	1.799123112079854181e+01	2.023027482762436768e+12	3.614200132913260246e-11	4.129637885851825800e-06	2.036804773880095468e-02	4.079034181384056934e-01	5.717244042412543692e-01	2.319239404923941604e-10	-2.441285851698818163e-11
1.054673366834171011e+00	1.533419779650427017e+01	1.469610137889477539e+12	2.137067254967063651e-10	1.791435370444213060e-05	6.200984856047523502e-02	5.848589076886251403e-01	3.531133292432268034e-01	-2.260705675200097226e-12	-5.747752290484198541e-11
1.062663316582914685e+00	1.306956819594677199e+01	1.067585080178146118e+12	1.151200400481081460e-09	7.013208595578586336e-05	1.641237871938203419e-01	6.796676297912116471e-01	1.561384498885564909e-01	-6.960440917055074311e-12	-1.037838374396712472e-10
1.070653266331658360e+00	1.113939021103821148e+01	7.755375892110869141e+11	5.457614275790384986e-09	2.390490414193392526e-04	3.620240819656808662e-01	5.930905478484339577e-01	4.464631611348901519e-02	-2.199874994408137945e-11	-4.046384337709833364e-10
1.078643216080402034e+00	9.494270385478868590e+00	5.633823134536315918e+11	2.131278832911520314e-08	6.653301787999918492e-04	6.263121645411893201e-01	3.651628607677547267e-01	7.859624028184379260e-03	-3.492364878636973104e-11	-7.937935601411345316e-10
1.086633165829145931e+00	8.092109931049748184e+00	4.092640196012122803e+11	6.894390785720501087e-08	1.515095831528987099e-03	8.420672701596398912e-01	1.556227124759819724e-01	7.948518617377561954e-04	2.507063248198014218e-11	7.021329831111230358e-10
1.094623115577889605e+00	6.897027415223701219e+00	2.973061697896707764e+11	2.073849392567989930e-07	3.111000382844087645e-03	9.484131773054733650e-01	4.843083838135385510e-02	4.477457690779929170e-05	5.574278794239642802e-11	1.912738553434760484e-09
1.102613065326633279e+00	5.878440551557910787e+00	2.159753957387529297e+11	6.315714424929263501e-07	6.303849984509638134e-03	9.818320054714465561e-01	1.186197733095692777e-02	1.539825820438489180e-06	-9.757963498381138066e-11	-4.086596349151437602e-09
1.110603015075376954e+00	5.010283595788732391e+00	1.568933856889354248e+11	2.023635895617943853e-06	1.329635174951140746e-02	9.844424333294871099e-01	2.259162167663299799e-03	3.297485263101050333e-08	-7.417771472263826453e-11	-3.783232403105978325e-09
1.118592964824120628e+00	4.270340320712584514e+00	1.139737903418978729e+11	7.101200067577331951e-06	3.016712416546475303e-02	9.694920750087913097e-01	3.337007558327698326e-04	2.829700008024546392e-10	-2.243797588375704865e-11	-1.390688433262407283e-09
1.126582914572864524e+00	3.639675500610628944e+00	8.279523593590771484e+10	3.027297185297661846e-05	7.874375180274345576e-02	9.211905057731264446e-01	3.544949290002939805e-05	1.742976828521888480e-09	2.403245203833805090e-10	1.797607602670372220e-08
1.134572864321608199e+00	3.102150356844334489e+00	6.014585522793393707e+10	1.469520157502707963e-04	2.199674489717585446e-01	7.798829462465375340e-01	2.569876320943702090e-06	6.179484427563851696e-09	8.459542267399075847e-10	7.586419426337938845e-08
1.142562814070351873e+00	2.644009564823820213e+00	4.369241611799905396e+10	6.424421280427656394e-04	5.225278791487291130e-01	4.768298225947831814e-01	9.092028845571413687e-08	-1.496970115431656682e-08	-2.034780408705700409e-09	-2.177873613763265501e-07
1.150552763819095548e+00	2.253529253814516409e+00	3.173996311123631668e+10	2.173608976854504455e-03	8.470516705531966339e-01	1.507748593842070661e-01	-4.856533059370809992e-09	-7.323407486324845462e-09	-9.890493927177949436e-10	-1.257452678596881831e-07
1.158542713567839222e+00	1.920716991860127010e+00	2.305721101762633896e+10	6.033396334113191005e-03	9.693883833331623512e-01	2.457836227056671083e-02	-5.143472804543197166e-09	-6.413294663316864766e-09	-8.607364723036746992e-10	-1.295203374453837303e-07
1.166532663316583118e+00	1.637056078404849124e+00	1.674970377401414299e+10	1.749744021343439815e-02	9.799975079541164424e-01	2.504918041191416672e-03	4.101393013589254972e-09	5.228012533487041831e-09	6.966619609417635276e-10	1.237651912173066747e-07
1.174522613065326793e+00	1.395287601036352187e+00	1.216767181003611755e+10	5.993341973025233249e-02	9.399104422316636454e-01	1.561569856280466411e-04	-4.903489790345602559e-10	-6.410995577214137429e-10	-8.460076622841508245e-11	-1.773149410172737358e-08
1.182512562814070467e+00	1.189224679158683129e+00	8.839095859500453949e+09	2.225500157318004435e-01	7.774401589191604067e-01	9.667553141643422897e-06	3.443292770863302909e-09	4.632006231861106304e-09	6.036360388844682947e-10	1.491169630640304457e-07
1.190502512562814141e+00	1.013594141071441079e+00	6.421081767589702606e+09	6.093471472902257657e-01	3.906519516490953303e-01	8.722517276385313502e-07	5.296472851770051006e-10	7.352872902013263269e-10	9.442684215898000681e-11	2.744958975479349350e-08
1.198492462311557816e+00	8.639015829550117376e-01	4.664537156451093674e+09	9.119610883292526005e-01	8.803993002354888742e-02	-9.822776753146707433e-07	-5.584886975680212747e-10	-8.016889491719801360e-10	-1.013195686256850003e-10	-3.461362899559627469e-08
1.206482412060301712e+00	7.363163566072433719e-01	3.388511106296032906e+09	9.908510153582448243e-01	9.140112974050153619e-03	8.542452827638368111e-06	4.300841500508391688e-09	6.388800651136679651e-09	7.940250621432185711e-10	3.177312099575752651e-07
1.214472361809045386e+00	6.275735427557389556e-01	2.461553447293683529e+09	9.995470126432008939e-01	4.568611616183224870e-04	-3.721378802770102487e-06	-1.685438488060504259e-09	-2.590809141047586159e-09	-3.165731836142804085e-10	-1.478331964103265765e-07
1.222462311557789061e+00	5.348904014325340794e-01	1.788173384654108763e+09	9.999982744351155750e-01	2.963496757710898311e-06	-1.185501577408431900e-06	-4.915931998848575359e-10	-7.823213998020552398e-10	-9.399176938532864354e-11	-5.106238995249134753e-08
1.230452261306532735e+00	4.558951613675893966e-01	1.299002488489877462e+09	9.999999283227430924e-01	1.123394149770362693e-07	-3.879031980970201923e-08	-1.488465596051836626e-11	-2.454186671682565340e-11	-2.900189622259114998e-12	-1.829511991525283202e-09
1.238442211055276410e+00	3.885663261141832914e-01	9.436486861867113113e+08	9.999999985892836785e-01	2.054210308990186199e-09	-6.111894851207473973e-10	-2.182247132672654502e-13	-3.733435655396929513e-13	-4.361509970136489021e-14	-3.167009610993845177e-11
1.246432160804020306e+00	3.311809437436308290e-01	6.855051093682622910e+08	9.999999999927547956e-01	9.964448476469515786e-12	-2.572152349366858515e-12	-9.375116314177455771e-16	-5.031213821861077359e-16	-2.556753466512769222e-16	-1.466166276681711623e-13
1.254422110552763980e+00	2.822705163254211058e-01	4.979790274163738489e+08	9.999999999999887867e-01	1.359589043319935167e-14	-3.613395023177562505e-15	-7.135734657828516775e-17	3.870123646237696725e-16	-1.577444452787259200e-16	-5.924879710121880785e-16
1.262412060301507655e+00	2.405834209117357625e-01	3.617523901099588871e+08	9.999999999999996669e-01	-2.960035043896704836e-16	-7.419139194692370715e-16	-5.060925301158191222e-16	-2.794543381081517976e-16	-5.603311413873657962e-16	-6.138067330176795220e-16
1.270402010050251329e+00	2.050528803754511908e-01	2.627917734391818643e+08	1.000000000000000222e+00	1.214962439664943587e-16	-3.627310700386342005e-16	-8.408767158275420277e-17	6.398774661466648855e-17	-3.118019906694957927e-17	-4.055195728036980216e-17
1.278391959798995003e+00	1.747696644719962111e-01	1.909027226228383780e+08	9.999999999999993339e-01	1.612377092541696341e-16	3.355103894980581047e-17	8.595465550159982849e-17	1.155439194618620258e-16	-5.949369109127219518e-17	1.072955777738976666e-16
1.286381909547738900e+00	1.489588225423960632e-01	1.386795675826064944e+08	1.000000000000000666e+00	-1.264331944980461859e-16	-2.455327708293135566e-16	-7.068294526652664974e-17	-7.090539989862829702e-17	-3.564423493483295257e-17	-1.169352693477465042e-16
1.294371859296482574e+00	1.269598524449447041e-01	1.007425258302633464e+08	9.999999999999993339e-01	1.781984621192566512e-16	2.677218942022382724e-16	1.178547879511335358e-16	1.320348127054543025e-17	1.838421678539701340e-17	1.817932749090389327e-16
1.302361809045226249e+00	1.082097982363848659e-01	7.318350271474450827e+07	9.999999999999996669e-01	-1.859465786300264037e-16	3.579937508560095743e-16	4.634847941608055428e-17	4.988899111666101530e-17	-3.474469253298104599e-17	9.952695716180314464e-17
1.310351758793969923e+00	9.222884407050493949e-02	5.316349799113447219e+07	9.999999999999996669e-01	1.414415425497224009e-16	1.952311891487271828e-16	-5.297049247371193605e-17	6.990985686206372853e-17	2.666280313634889406e-17	-1.582302942981188297e-16
1.318341708542713819e+00	7.860803566050207636e-02	3.862014544001729786e+07	9.999999999999996669e-01	-1.525529021929384603e-16	3.119262456178807845e-16	-7.290821672921764046e-17	1.315742436296970714e-16	-1.865868181170058160e-17	2.266391641131006060e-17
1.326331658291457494e+00	6.699881509605656871e-02	2.805525765172236413e+07	9.999999999999985567e-01	-1.704139990270690047e-15	2.208065176401647746e-15	-1.483633839532656080e-16	2.858334460986901408e-17	-2.497887970683679523e-17	5.290121526194006046e-16
1.334321608040201168e+00	5.710410120998700434e-02	2.038048984375274554e+07	1.000000000000000000e+00	-4.970961878873366482e-16	4.605984467763966405e-16	-5.437207514152411661e-17	3.361080415204169925e-17	-2.038023243857527697e-17	-3.338305792351819848e-17
1.342311557788944842e+00	4.867068724014447095e-02	1.480522372767475992e+07	1.000000000000000666e+00	-1.985717882396171150e-16	-1.388669327557885789e-16	-5.679100082353384343e-17	-6.343482476696564084e-17	-5.463689578483489678e-18	1.903902631432587222e-17
1.350301507537688517e+00	4.148276124191361408e-02	1.075512175158506446e+07	1.000000000000000000e+00	1.550976159121970460e-16	-2.390962090556352064e-16	-5.360899047590505673e-18	7.347364909503485220e-17	2.114693338948088391e-17	-5.261090293486997610e-18
1.358291457286432413e+00	3.535638343800166783e-02	7.812961561343740672e+06	1.000000000000000000e+00	4.178299092035155862e-17	-1.794611057735311532e-16	-5.991308402648038491e-17	1.043836453707788043e-16	8.342961006657257259e-18	-2.615770996029172375e-17
1.366281407035176088e+00	3.013477918032000241e-02	5.675655726541549899e+06	9.999999999999996669e-01	1.653477923885180712e-16	2.822940372348048189e-17	-3.284194416945121840e-17	-9.946201743015590984e-18	-5.543537382873439061e-17	-9.535367637079723753e-17
1.374271356783919762e+00	2.568432707035869442e-02	4.123029106607253198e+06	9.999999999999996669e-01	7.164924112612521321e-17	3.216042785918381915e-17	-3.503788177075217851e-18	-7.339251696957121364e-18	-2.571175366769157014e-17	1.547897294814462244e-16
1.382261306532663436e+00	2.189113957363849131e-02	2.995137448953257408e+06	9.999999999999996669e-01	-1.772088151083078320e-16	9.339108133275157309e-17	-6.042885225008204881e-17	1.978372647411222290e-16	-1.492535238456781940e-16	-1.535945733232156925e-17
1.390251256281407111e+00	1.865814862580429667e-02	2.175790688391266391e+06	1.000000000000000222e+00	-2.759031565505445469e-16	5.965936137754795052e-19	-7.486874131629990263e-17	1.751264600300777816e-16	-1.338938927510658365e-16	-2.412417041349010464e-17
1.398241206030151007e+00	1.590262165071654188e-02	1.580583596036490751e+06	1.000000000000000000e+00	3.397517163036321363e-17	-1.077046035693918104e-17	-8.812146049376686087e-17	-7.078336123233857496e-17	-1.860536229244929798e-16	-1.223354764728883426e-16
1.406231155778894681e+00	1.355404442518413216e-02	1.148200751749156509e+06	1.000000000000000000e+00	1.681121848622032910e-16	-4.366242621179396676e-17	-1.010787731055792618e-16	3.866774983013397249e-18	-5.047264558955767522e-18	-1.332127984314033015e-16
1.414221105527638356e+00	1.155231661262513289e-02	8.341001194895916851e+05	9.999999999999996669e-01	2.396733617696385479e-16	1.048341676918369660e-16	-4.513788966818847812e-17	9.350055619802597490e-17	1.311403486717887636e-16	-7.992133481303886228e-17
1.422211055276382030e+00	9.846213789174733735e-03	6.059245373883415014e+05	1.000000000000000000e+00	-1.137695271793027335e-16	6.442537423289130629e-17	4.936992210723333832e-17	6.082697185165851526e-17	-8.470091118671440733e-17	-8.717413228828171626e-17
1.430201005025125705e+00	8.392076605326375879e-03	4.401684359354141634e+05	9.999999999999993339e-01	1.787224927093585497e-16	-3.052249671253638970e-18	-1.853022100699193687e-17	3.631608997846102114e-17	-1.143193170715381633e-16	3.188550752447998759e-17
1.438190954773869601e+00	7.152693538616410052e-03	3.197564053585308720e+05	1.000000000000000000e+00	8.824672435179309497e-17	-2.860060460844956228e-17	-7.055652056059243280e-17	3.299544071677826682e-17	8.679048118504969285e-17	-1.088755210845789979e-16
1.446180904522613275e+00	6.096348646876467020e-03	2.322841676517033193e+05	1.000000000000000000e+00	-1.588898619659385831e-16	-1.738382791901698109e-16	-7.959810818035208660e-17	4.610246746757499331e-17	-1.386847019848606733e-16	-1.612253309213478870e-16
1.454170854271356950e+00	5.196009953959482286e-03	1.687407465102876595e+05	9.999999999999995559e-01	-4.168489842669009550e-16	-5.625659462471820199e-16	-2.898574372398876201e-16	-5.007987928432033963e-16	-4.260479338958573423e-16	-4.684161646073452015e-16
1.462160804020100624e+00	4.428637698645904175e-03	1.225801991616730811e+05	9.999999999999998890e-01	-8.340461745205047408e-17	1.217641735710467184e-17	-2.280489947369580341e-17	-5.459916795274364039e-18	-1.431906734086099096e-16	2.063908484749442945e-17
1.470150753768844298e+00	3.774594744746831952e-03	8.904728429419001623e+04	1.000000000000000000e+00	-1.880009281010772049e-16	2.451602318728945552e-17	-3.664176253643765702e-17	3.329898952069162383e-17	5.376657684556247481e-17	1.130611010839711876e-16
1.478140703517588195e+00	3.217144064737254526e-03	6.468759958296340483e+04	9.999999999999996669e-01	1.500133339346762697e-16	1.259078865507998071e-16	4.118372225867324928e-17	7.544351963414939272e-17	7.600369920531160851e-17	8.655935072896808469e-17
1.486130653266331869e+00	2.742020437473049500e-03	4.699172549699933734e+04	9.999999999999998890e-01	1.113643705694412671e-16	-7.049975032139960317e-17	-1.286767249244555740e-16	2.129449164804491953e-17	-1.201690569652292057e-16	-3.535793493143302237e-17
1.494120603015075543e+00	2.337065399691370862e-03	3.413671676521616610e+04	1.000000000000000222e+00	-2.086712539197990486e-16	-3.509510334938331854e-17	-1.695779143751866812e-16	-1.328905007206247391e-17	-4.415509891001168354e-17	2.669921077638027383e-17
1.502110552763819218e+00	1.991916109665495694e-03	2.479831117465576608e+04	1.000000000000000000e+00	1.584570158639173820e-16	-2.620088972643027882e-17	-7.836005478728950704e-17	1.268515061731271617e-16	3.688390141910003357e-20	4.126014350028758069e-17
1.510100502512562892e+00	1.697740161002295797e-03	1.801451033925062802e+04	9.999999999999996669e-01	-1.344289008539790784e-16	1.949456538137955128e-16	-1.175406245352838835e-16	-6.958679472557508452e-17	2.025987863763950169e-17	-1.156938172616284364e-16
1.518090452261306789e+00	1.447009560439830363e-03	1.308647917502669043e+04	9.999999999999998890e-01	-5.971003685225068250e-16	-7.279279898396297494e-16	-6.455821112879073746e-16	-6.623683733330907094e-16	-6.064026492799522883e-16	-6.463990939249622267e-16
1.526080402010050463e+00	1.233308085713268965e-03	9.506555214285801412e+03	9.999999999999996669e-01	-3.601323479711539849e-17	1.718582869362556990e-16	-4.602279817545918134e-17	-5.320470864681745896e-17	-3.138167382980948772e-17	-5.235871487054224832e-18
1.534070351758794137e+00	1.051167093756721774e-03	6.905951618730954578e+03	1.000000000000000222e+00	1.369779242332883005e-16	1.025817180566101783e-16	1.859685705387273276e-17	-1.163147688226844999e-16	-1.151832571618155126e-16	-1.376807758217867853e-16
1.542060301507537812e+00	8.959255775558455951e-04	5.016766503242346516e+03	1.000000000000000000e+00	1.158400978021583517e-17	-3.254176011348047705e-16	1.573539901252583957e-16	-5.493068291297140798e-17	-9.564730590590724545e-17	-2.480539222643692113e-16
1.550050251256281486e+00	7.636108904913507583e-04	3.644384950481209671e+03	1.000000000000000000e+00	-1.003426095355255453e-16	-1.735878163548015027e-16	-2.033301370944768245e-17	-4.092693842722007297e-17	7.453266679097846269e-17	3.861310631098495870e-17
1.558040201005025382e+00	6.508370858969523415e-04	2.647430702367730646e+03	1.000000000000000000e+00	4.645657771184841811e-17	1.020466379238758353e-16	-2.268886184869968269e-17	8.137660823181554802e-17	8.007163567698677312e-17	-6.521799277079554368e-17
1.566030150753769057e+00	5.547182703304259560e-04	1.923202246489871868e+03	1.000000000000000000e+00	-1.547223450652954217e-16	-1.296289273752477556e-16	4.063786653861402664e-17	2.519082280532541693e-17	-6.219326627987237221e-17	5.867124445144468692e-17
1.574020100502512731e+00	4.727947532588822575e-04	1.397092991932046061e+03	1.000000000000000444e+00	-3.703258690182138407e-16	-2.414265673511965632e-16	-5.343966392076579056e-17	4.302277854853721335e-17	-1.325415436560458848e-17	-1.417326411303663400e-16
1.582010050251256406e+00	4.029701033210534265e-04	1.014905651066127803e+03	9.999999999999998890e-01	-3.642532042171342204e-17	-1.245141330141435918e-16	-6.736008233828167436e-17	8.722251980668170236e-17	4.075398740585849792e-17	1.003230285615984880e-16
1.590000000000000080e+00	3.434575004297168999e-04	7.372690912589309846e+02	0.000000000000000000e+00	0.000000000000000000e+00	0.000000000000000000e+00	0.000000000000000000e+00	0.000000000000000000e+00	0.000000000000000000e+00	0.000000000000000000e+00
