# psi 	 Te[eV] 	 ne [m**-3]
-2.066079146243937278e-03	8.061315171737533092e+02	5.942318917832825242e+19
-2.089876996003898341e-03	8.061977434983047033e+02	5.942319188889808896e+19
-2.110935991370999163e-03	8.062479223848411038e+02	5.942319337371977318e+19
-2.129236837138757249e-03	8.062851456443340794e+02	5.942319416520243610e+19
-2.144760238100681862e-03	8.063120967868255775e+02	5.942319457701399757e+19
-2.157487021152387167e-03	8.063310475077443016e+02	5.942319478715379712e+19
-2.167405203806150194e-03	8.063438634973489343e+02	5.942319489280873267e+19
-2.174513871802859384e-03	8.063520025987063491e+02	5.942319494489201869e+19
-2.178813054019852757e-03	8.063565027911027983e+02	5.942319496874936730e+19
-2.180302779334471804e-03	8.063579881500845659e+02	5.942319497585846682e+19
-2.178983076624052811e-03	8.063566742392041533e+02	5.942319496958926848e+19
-2.174853974765936400e-03	8.063523701749567181e+02	5.942319494697197568e+19
-2.167915502637462327e-03	8.063444768186438978e+02	5.942319489713707418e+19
-2.158167689115967312e-03	8.063319815828933770e+02	5.942319479584057754e+19
-2.145610563078793279e-03	8.063134510778236290e+02	5.942319459418908262e+19
-2.130244153403277382e-03	8.062870229261521899e+02	5.942319419823731507e+19
-2.112068488966760676e-03	8.062503977277508511e+02	5.942319343447565107e+19
-2.091083598646579882e-03	8.062008317105963897e+02	5.942319199431966720e+19
-2.067289604930764267e-03	8.061351305569612578e+02	5.942318934855453082e+19
-2.040690733971683730e-03	8.060496579532649548e+02	5.942318462110140006e+19
-2.011296828220060333e-03	8.059403479647019140e+02	5.942317640906579149e+19
-1.979118135633027142e-03	8.058026961566472437e+02	5.942316253129687040e+19
-1.944164904167730232e-03	8.056317611335794027e+02	5.942313968720074342e+19
-1.906447381781302018e-03	8.054221679426074161e+02	5.942310300328603648e+19
-1.865975816430888359e-03	8.051681122910612203e+02	5.942304544158525030e+19
-1.822760456073622319e-03	8.048633655803596412e+02	5.942295704042857267e+19
-1.776811548666650843e-03	8.045012807747161787e+02	5.942282395406737408e+19
-1.728139342167104610e-03	8.040747991368554040e+02	5.942262725337176474e+19
-1.676754084532132297e-03	8.035764578741856212e+02	5.942234144527303475e+19
-1.622666023718863934e-03	8.029983987482353314e+02	5.942193266378625843e+19
-1.565885407684448850e-03	8.023323777079606316e+02	5.942135648034974925e+19
-1.506422655888684826e-03	8.015697779097066586e+02	5.942055527854589542e+19
-1.444293983198996316e-03	8.007017044896781499e+02	5.941945524226885222e+19
-1.379522664171598358e-03	7.997190532225063180e+02	5.941796286431105024e+19
-1.312132400812307097e-03	7.986124598588261279e+02	5.941596073050808320e+19
-1.242146895126913743e-03	7.973723173688980523e+02	5.941330270074957824e+19
-1.169589849121235522e-03	7.959887996506188301e+02	5.940980838125594214e+19
-1.094484964801063212e-03	7.944518864985757318e+02	5.940525681890874982e+19
-1.016855944172214256e-03	7.927513898701206472e+02	5.939937935473452646e+19
-9.367264892404794305e-04	7.908769814805824581e+02	5.939185157712104653e+19
-8.541203020116766142e-04	7.888182217551512849e+02	5.938228432169528525e+19
-7.690610844915947387e-04	7.865645901596597014e+02	5.937021367481856819e+19
-6.815725386860453953e-04	7.841055169265533777e+02	5.935508995240220262e+19
-5.916783666008412594e-04	7.814304161857374993e+02	5.933626564641361920e+19
-4.994024621193144135e-04	7.785287266999882831e+02	5.931298241242455245e+19
-4.047738542224873777e-04	7.753901177205166277e+02	5.928435873331814400e+19
-3.078271432759688807e-04	7.720045874263214500e+02	5.924937684996224614e+19
-2.085972089622083311e-04	7.683623542140927611e+02	5.920686728774182502e+19
-1.071189309636280597e-04	7.644538909312493615e+02	5.915549407468371968e+19
-3.427188962687059306e-06	7.602699683165328679e+02	5.909374018989062554e+19
1.024431373581934042e-04	7.558016989970587929e+02	5.901989364527051571e+19
2.104571683165532892e-04	7.510405819247648651e+02	5.893203479069306880e+19
3.205800242299721380e-04	7.459785471242765880e+02	5.882802557236277248e+19
4.327768254159893068e-04	7.406080006135133544e+02	5.870550162907113062e+19
5.470126921921851211e-04	7.349218693478381965e+02	5.856186827793540710e+19
6.632527448760980023e-04	7.289136460283831411e+02	5.839430161477391155e+19
7.814621037853091432e-04	7.225774336053492561e+02	5.819975612603034829e+19
9.016056889129376401e-04	7.159080006086289814e+02	5.797498076582671974e+19
1.023644082727409328e-03	7.089010678534627914e+02	5.771655394160757965e+19
1.147533675039553178e-03	7.015533830666590802e+02	5.742092619303909786e+19
1.273230684319741476e-03	6.938625508804160518e+02	5.708446632554405069e+19
1.400691329038301729e-03	6.858270614824623408e+02	5.670352806486050406e+19
1.529871827665607196e-03	6.774463263221871330e+02	5.627453303882869965e+19
1.660728398671984518e-03	6.687207112818518908e+02	5.579407051891392512e+19
1.793217260527808690e-03	6.596515670696684310e+02	5.525901395873476608e+19
1.927294631703404615e-03	6.502412565932057760e+02	5.466665343026093261e+19
2.062916730669146857e-03	6.404931790745434910e+02	5.401484186809665946e+19
2.200039775895361403e-03	6.304117906730650702e+02	5.330215159562111386e+19
2.338619985852423248e-03	6.200026213875405574e+02	5.252803595938784870e+19
2.478613579010657299e-03	6.092722880164126309e+02	5.169298911257464832e+19
2.619976601881556302e-03	5.982285165206483271e+02	5.079869629853484646e+19
2.762662036604608164e-03	5.868803796641224153e+02	4.984818196510198989e+19
2.906620226729871373e-03	5.752382820361652875e+02	4.884590630335699354e+19
3.051801429602833161e-03	5.633137577082848111e+02	4.779779814335216026e+19
3.198155902569029332e-03	5.511194488549457446e+02	4.671124342281032499e+19
3.345633902973945382e-03	5.386690855069955433e+02	4.559500494792717926e+19
3.494185688163119283e-03	5.259774596631921213e+02	4.445906500545549926e+19
3.643761515482035231e-03	5.130603936816307851e+02	4.331438723204775936e+19
3.794311642276231196e-03	4.999347028989881210e+02	4.217259986666589389e+19
3.945786325891191375e-03	4.866181524537452674e+02	4.104560935473236378e+19
4.098135823672454173e-03	4.731294083198360454e+02	3.994516071949776486e+19
4.251310392965516362e-03	4.594879825901983850e+02	3.888236841330769920e+19
4.405260291115875582e-03	4.457141730855927335e+02	3.786724757036299059e+19
4.559935717140066284e-03	4.318290026463806726e+02	3.690828002981275238e+19
4.715286002658129749e-03	4.178542206437408595e+02	3.601205383648720486e+19
4.871259814306506085e-03	4.038122082007421909e+02	3.518299712475797094e+19
5.027805801773459898e-03	3.897258370026003718e+02	3.442323779156135936e+19
5.184872614747287022e-03	3.756183797643312232e+02	3.373261020661422899e+19
5.342408902916283286e-03	3.615134179756771005e+02	3.310880638293548237e+19
5.500363315968714167e-03	3.474347458871703225e+02	3.254765858319393997e+19
5.658684503592849475e-03	3.334062712995560673e+02	3.204352670884733338e+19
5.817321115476994584e-03	3.194519138014475743e+02	3.158975296330717184e+19
5.976221801309402823e-03	3.055955011833807475e+02	3.117914007077826970e+19
6.135335210778385638e-03	2.918606648362501232e+02	3.080440884201014886e+19
6.294609993572189421e-03	2.782707350131572639e+02	3.045859621561885901e+19
6.453994799379133424e-03	2.648486368890074232e+02	3.013536513450481664e+19
6.613438258415494861e-03	2.516167899877313516e+02	2.982921095747657728e+19
6.772888756525787674e-03	2.385970268088998125e+02	2.953556344057892864e+19
6.932294512899239876e-03	2.258104890265927338e+02	2.925079447766689792e+19
7.091603743513915509e-03	2.132775218984639025e+02	2.897215222621794304e+19
7.250764664347810959e-03	2.010175875513035066e+02	2.869764662739992986e+19
7.409725491378985930e-03	1.890491843617980976e+02	2.842591067739983462e+19
7.568434440585444616e-03	1.773897725181089982e+02	2.815605857356466995e+19
7.726839727945244117e-03	1.660557058920132931e+02	2.788755611098942259e+19
7.884889569436386025e-03	1.550621701266634602e+02	2.762011229911424614e+19
8.042532181036930045e-03	1.444231266427578078e+02	2.735359540855790387e+19
8.199715778724876031e-03	1.341512621098837883e+02	2.708797236143996109e+19
8.356388578478283688e-03	1.242579428402523121e+02	2.682326781798931661e+19
8.512498796275155474e-03	1.147531735532354560e+02	2.655953831773378970e+19
8.667995283946348592e-03	1.056455235386362546e+02	2.629685589957184717e+19
8.822833690044365809e-03	9.694176150325000663e+01	2.603528921579681382e+19
8.976973781142283740e-03	8.864704853258831463e+01	2.577490366747271987e+19
9.130375381391553358e-03	8.076516757727300444e+01	2.551576614299197030e+19
9.282998314943686352e-03	7.329850629993705979e+01	2.525794416196379853e+19
9.434802405950137166e-03	6.624803946621935324e+01	2.500150547724600934e+19
9.585747478562410551e-03	5.961331506539335123e+01	2.474651792093435085e+19
9.735793356931967887e-03	5.339244503178586854e+01	2.449304934875763507e+19
9.884899865210312192e-03	4.758210149140095524e+01	2.424116762003931136e+19
1.003302682754889270e-02	4.217751943990736407e+01	2.399094058720585728e+19
1.018013406809922632e-02	3.717250667593653901e+01	2.374243608209573478e+19
1.032618141101278308e-02	3.255946168060045665e+01	2.349572188671662899e+19
1.047112868044102266e-02	2.832939996593491117e+01	2.325086566552518656e+19
1.061493492522331411e-02	2.447200912098251280e+01	2.300793611803926528e+19
1.075755208248022239e-02	2.097583219782723063e+01	2.276701332128634470e+19
1.089892826747951467e-02	1.782817273247806611e+01	2.252818234811082342e+19
1.103901155880047252e-02	1.501504914574866767e+01	2.229152501147278950e+19
1.117775003502239836e-02	1.252127375507427054e+01	2.205711564004958208e+19
1.131509177472460673e-02	1.033054247519031321e+01	2.182501186705256038e+19
1.145098485648637920e-02	8.425533485561219393e+00	2.159523446540755354e+19
1.158537735888699391e-02	6.788014049475676437e+00	2.136772369686986342e+19
1.171821736050575845e-02	5.398954561071369618e+00	2.114224592124566323e+19
1.184945293992198216e-02	4.238648791557215745e+00	2.091819622487177626e+19
1.197903217571494490e-02	3.286839193728478214e+00	2.069418668366821786e+19
1.210690314646393172e-02	2.522845988239442505e+00	2.046719943809448346e+19
1.223301393074825022e-02	1.925698569021551565e+00	2.023087203087552922e+19
1.235731999997262930e-02	1.474244371854136260e+00	1.997207535728461824e+19
1.247983537109685626e-02	1.147197727696533498e+00	1.966415413265956864e+19
1.260060191259553680e-02	9.235176371400865003e-01	1.925438411019885773e+19
1.271966166278865398e-02	7.825302794829019915e-01	1.864170275697647206e+19
1.283705665999618044e-02	7.038756682791112995e-01	1.764192879571209626e+19
1.295282894253808534e-02	6.673988844811475918e-01	1.594933175133030400e+19
1.306702054873431877e-02	6.528788119446252702e-01	1.314326621714604032e+19
