# psi_n	Te [eV]	ne [m^-3]	 0+	1+	...
0.000000000000000000e+00	1.200000000000000000e+03	8.000000000000000000e+13	3.140184917367553390e-14	8.203017326354125017e-07	9.999991796982367065e-01
7.989949748743719465e-03	1.199851524751360103e+03	7.999999942656000000e+13	3.132334455074134452e-14	8.204399774600988498e-07	9.999991795599919575e-01
1.597989949748743893e-02	1.199406156021759898e+03	7.999999082496031250e+13	3.175511997687937983e-14	8.208548308163165608e-07	9.999991791451380285e-01
2.396984924623115840e-02	1.198664064860159897e+03	7.999995355136770312e+13	3.179437228834647453e-14	8.215466440841958130e-07	9.999991784533247552e-01
3.195979899497487786e-02	1.197625536348160040e+03	7.999985319943696875e+13	3.151960610807681798e-14	8.225160068197556277e-07	9.999991774839621650e-01
3.994974874371859386e-02	1.196290969599999926e+03	7.999964160045875000e+13	3.167661535394519676e-14	8.237637355537672796e-07	9.999991762362333558e-01
4.793969849246231679e-02	1.194660877762559949e+03	7.999925682373253125e+13	3.124483992780715513e-14	8.252908863274694340e-07	9.999991747090829497e-01
5.592964824120603973e-02	1.192735888015359933e+03	7.999862317733020312e+13	3.171586766541228514e-14	8.270987352934755866e-07	9.999991729012335240e-01
6.391959798994975572e-02	1.190516741570560043e+03	7.999765120946323438e+13	3.155885841954391268e-14	8.291887877015660725e-07	9.999991708111813926e-01
7.190954773869347172e-02	1.188004293672960102e+03	7.999623771071429688e+13	3.222614771448451615e-14	8.315627665925854588e-07	9.999991684372018241e-01
7.989949748743718771e-02	1.185199513600000046e+03	7.999426571744051562e+13	3.171586766541228514e-14	8.342226152590255056e-07	9.999991657773537046e-01
8.788944723618091759e-02	1.182103484661759921e+03	7.999160451670417188e+13	3.183362459981356922e-14	8.371704835266389001e-07	9.999991628294854218e-01
9.587939698492463358e-02	1.178717404200960118e+03	7.998810965313270312e+13	3.187287691128066391e-14	8.404087268495236777e-07	9.999991595912419706e-01
1.038693467336683496e-01	1.175042583592959772e+03	7.998362293815832812e+13	3.257941851768836840e-14	8.439398985994542951e-07	9.999991560600693941e-01
1.118592964824120795e-01	1.171080448245759953e+03	7.997797246213423438e+13	3.324670781262897187e-14	8.477667419863592896e-07	9.999991522332254412e-01
1.198492462311557955e-01	1.166832537600000023e+03	7.997097260987187500e+13	3.273642776355674086e-14	8.518921839990391156e-07	9.999991481077838973e-01
1.278391959798995114e-01	1.162300505128960140e+03	7.996242408019157812e+13	3.352147399289862842e-14	8.563193155754534694e-07	9.999991436806515699e-01
1.358291457286432413e-01	1.157486118338560118e+03	7.995211391012525000e+13	3.367848323876700719e-14	8.610513974422699779e-07	9.999991389485693993e-01
1.438190954773869434e-01	1.152391258767359886e+03	7.993981550445812500e+13	3.414951097637214351e-14	8.660918358261683893e-07	9.999991339081306663e-01
1.518090452261306733e-01	1.147017921986559941e+03	7.992528867134339062e+13	3.414951097637214351e-14	8.714441761748244052e-07	9.999991285557904286e-01
1.597989949748743754e-01	1.141368217600000207e+03	7.990827966477106250e+13	3.638689272999652211e-14	8.771120889372898675e-07	9.999991228878754024e-01
1.677889447236181053e-01	1.135444369244159816e+03	7.988852123471970312e+13	3.674016353320037435e-14	8.830993386432079091e-07	9.999991169006253733e-01
1.757788944723618352e-01	1.129248714588160055e+03	7.986573268586684375e+13	3.721119127080550436e-14	8.894098004766966801e-07	9.999991105901631094e-01
1.837688442211055373e-01	1.122783705333760054e+03	7.983961994578206250e+13	3.772147131987773538e-14	8.960474168820946355e-07	9.999991039525460979e-01
1.917587939698492672e-01	1.116051907215359961e+03	7.980987564357254688e+13	3.799623750014739192e-14	9.030161896716552404e-07	9.999990969837729837e-01
1.997487437185929970e-01	1.109056000000000040e+03	7.977617920000000000e+13	3.815324674601577069e-14	9.103201526579538425e-07	9.999990896798097717e-01
2.077386934673366992e-01	1.101798777487359985e+03	7.973819693013382812e+13	3.905604990975894233e-14	9.179633558446489629e-07	9.999990820366057021e-01
2.157286432160804290e-01	1.094283147509760056e+03	7.969558215965365625e+13	3.988034845056792459e-14	9.259498405900857724e-07	9.999990740501202291e-01
2.237185929648241589e-01	1.086512131932159946e+03	7.964797535596117188e+13	3.976259151616664051e-14	9.342836165881438519e-07	9.999990657163442265e-01
2.317085427135678610e-01	1.078488866652160141e+03	7.959500427530864062e+13	4.035137618817306091e-14	9.429686278184254964e-07	9.999990570313326277e-01
2.396984924623115909e-01	1.070216601599999876e+03	7.953628412719923438e+13	4.384483190874446338e-14	9.520087385537815523e-07	9.999990479912180819e-01
2.476884422110552930e-01	1.061698700738560092e+03	7.947141775736117188e+13	4.400184115461284216e-14	9.614076735933366339e-07	9.999990385922830072e-01
2.556783919597990229e-01	1.052938642063360021e+03	7.939999585064515625e+13	4.466913044955344564e-14	9.711690255909186561e-07	9.999990288309305031e-01
2.636683417085427528e-01	1.043940017602560147e+03	7.932159715524207812e+13	4.576819517063209074e-14	9.812961964438162509e-07	9.999990187037585132e-01
2.716582914572864826e-01	1.034706533416959928e+03	7.923578872966517188e+13	4.608221366236884198e-14	9.917923703585960934e-07	9.999990082075842501e-01
2.796482412060301570e-01	1.025242009600000074e+03	7.914212621398834375e+13	4.671025064584235707e-14	1.002660466179979363e-06	9.999989973394876053e-01
2.876381909547738869e-01	1.015550380277760041e+03	7.904015412687940625e+13	4.749529687518424463e-14	1.013903111538988560e-06	9.999989860968416799e-01
2.956281407035176167e-01	1.005635693608959969e+03	7.892940619001457812e+13	5.043922023521632771e-14	1.025522599971561923e-06	9.999989744773501998e-01
3.036180904522613466e-01	9.955021117849598795e+02	7.880940568150814062e+13	5.153828495629496651e-14	1.037521075630635217e-06	9.999989624788734321e-01
3.116080402010050765e-01	9.851539110297600246e+02	7.867966582003779688e+13	5.216632193976848160e-14	1.049906989383851131e-06	9.999989500929591379e-01
3.195979899497487509e-01	9.745954816000001983e+02	7.853969018139442188e+13	5.299062048057746386e-14	1.062696708763017790e-06	9.999989373032387441e-01
3.275879396984924807e-01	9.638313277849599672e+02	7.838897314923190625e+13	5.495323605393217960e-14	1.075908976150822576e-06	9.999989240909694654e-01
3.355778894472362106e-01	9.528660679065599197e+02	7.822700040183978125e+13	5.832893484010229799e-14	1.089564766161822257e-06	9.999989104351761915e-01
3.435678391959799405e-01	9.417044343193600753e+02	7.805324943680959375e+13	5.950650418411513880e-14	1.103687394704028932e-06	9.999988963125463481e-01
3.515577889447236704e-01	9.303512734105599975e+02	7.786719013551234375e+13	6.088033508546343414e-14	1.118302745965298923e-06	9.999988816971938643e-01
3.595477386934674002e-01	9.188115455999999313e+02	7.766828536935218750e+13	6.256818447854849964e-14	1.133439390515068428e-06	9.999988665605475946e-01
3.675376884422110746e-01	9.070903253401601205e+02	7.745599164980893750e+13	6.645416331379084274e-14	1.149128775787280937e-06	9.999988508711583624e-01
3.755276381909548045e-01	8.951928011161601262e+02	7.722975982432935938e+13	6.774948959220496132e-14	1.165405364948790055e-06	9.999988345945680646e-01
3.835175879396985343e-01	8.831242754457599631e+02	7.698903582017378125e+13	6.908406818208616828e-14	1.182306884953443449e-06	9.999988176930465489e-01
3.915075376884422642e-01	8.708901648793599861e+02	7.673326143837353125e+13	7.018313290316481969e-14	1.199874481289861040e-06	9.999988001254491721e-01
3.994974874371859941e-01	8.584959999999998672e+02	7.646187520000000000e+13	7.477565334481486728e-14	1.218152943919844873e-06	9.999987818469818768e-01
4.074874371859296684e-01	8.459474254233601869e+02	7.617431324699534375e+13	7.740555821311019281e-14	1.237190880545441723e-06	9.999987628090426517e-01
4.154773869346733983e-01	8.332501997977600467e+02	7.587001029986114062e+13	7.885789373739267753e-14	1.257041009946491549e-06	9.999987429589117793e-01
4.234673366834171282e-01	8.204101958041600255e+02	7.554840067454870312e+13	8.458873121158846491e-14	1.277760375290393611e-06	9.999987222395406716e-01
4.314572864321608581e-01	8.074334001561600189e+02	7.520891936094273438e+13	8.615882367027224003e-14	1.299410567100729058e-06	9.999987005893473668e-01
4.394472361809045879e-01	7.943259136000000353e+02	7.485100316537651562e+13	9.232143657060606273e-14	1.322058067500485560e-06	9.999986779418407190e-01
4.474371859296483178e-01	7.810939509145600823e+02	7.447409191966517188e+13	9.483358450450011049e-14	1.345774466123550569e-06	9.999986542254395427e-01
4.554271356783919922e-01	7.677438409113601665e+02	7.407762975918960938e+13	1.012709635851035897e-13	1.370636856385867262e-06	9.999986293630429568e-01
4.634170854271357221e-01	7.542820264345600663e+02	7.366106647261260938e+13	1.035083453387279810e-13	1.396728073122387776e-06	9.999986032718239937e-01
4.714070351758794519e-01	7.407150643609600138e+02	7.322385892585435938e+13	1.105345090913378743e-13	1.424137147454566603e-06	9.999985758627426558e-01
4.793969849246231818e-01	7.270496256000000130e+02	7.276547256300337500e+13	1.136354416972383361e-13	1.452959592840285547e-06	9.999985470402941168e-01
4.873869346733669117e-01	7.132924950937600670e+02	7.228538298688545312e+13	1.214466516791901360e-13	1.483297908498335829e-06	9.999985167019707077e-01
4.953768844221105860e-01	6.994505718169601778e+02	7.178307762206023438e+13	1.254503874488337568e-13	1.515261914659630122e-06	9.999984847379606023e-01
5.033668341708543714e-01	6.855308687769598919e+02	7.125805746306378125e+13	1.336933728569235794e-13	1.548968372127287403e-06	9.999984510314948727e-01
5.113567839195980458e-01	6.715405130137601191e+02	7.070983891076087500e+13	1.420148628879476039e-13	1.584538946971528647e-06	9.999984154609116160e-01
5.193467336683417201e-01	6.574867456000000630e+02	7.013795569972019531e+13	1.477064480506762903e-13	1.622102876757800730e-06	9.999983778969763204e-01
5.273366834170855055e-01	6.433769216409599494e+02	6.954196091957102344e+13	1.570877504913118652e-13	1.661798101270471713e-06	9.999983382017423317e-01
5.353266331658291799e-01	6.292185102745600034e+02	6.892142913334902344e+13	1.673326037842234855e-13	1.703771649977355811e-06	9.999982962281833698e-01
5.433165829145729653e-01	6.150190946713599942e+02	6.827595859588470312e+13	1.790690449128847169e-13	1.748180207996167217e-06	9.999982518196136594e-01
5.513065326633166396e-01	6.007863720345602587e+02	6.760517357533667969e+13	1.905307198612762916e-13	1.795190599763964716e-06	9.999982048092103115e-01
5.592964824120603140e-01	5.865281536000002234e+02	6.690872678101811719e+13	2.040727673174237652e-13	1.844980295050372314e-06	9.999981550195012892e-01
5.672864321608040994e-01	5.722523646361599958e+02	6.618630190071309375e+13	2.172615439703674813e-13	1.897737914955417114e-06	9.999981022618680271e-01
5.752763819095477738e-01	5.579670444441600239e+02	6.543761625072614844e+13	2.324914408196001214e-13	1.953663706261550522e-06	9.999980463360615968e-01
5.832663316582915591e-01	5.436803463577599587e+02	6.466242354195606250e+13	2.479961038491023928e-13	2.012970007319603085e-06	9.999979870297449613e-01
5.912562814070352335e-01	5.294005377433602462e+02	6.386051676533239062e+13	2.703306690738791282e-13	2.075881675625273387e-06	9.999979241180543266e-01
5.992462311557789079e-01	5.151359999999999673e+02	6.303173120000000781e+13	2.896035540042224902e-13	2.142636379082003346e-06	9.999978573633314660e-01
6.072361809045226932e-01	5.008952285593600209e+02	6.217594754768522656e+13	3.157848457527744172e-13	2.213484995600010564e-06	9.999977865146888467e-01
6.152261306532663676e-01	4.866868328857599977e+02	6.129309519672339844e+13	3.387474479610246678e-13	2.288726720361948766e-06	9.999977112729412365e-01
6.232160804020101530e-01	4.725195364761600558e+02	6.038315561927585156e+13	3.688147185448189379e-13	2.368844880777798428e-06	9.999976311547508212e-01
6.312060301507538274e-01	4.584021768601600115e+02	5.944616590531137500e+13	4.018259124886453290e-13	2.454410715995751358e-06	9.999975455888825415e-01
6.391959798994975017e-01	4.443437056000001917e+02	5.848222243697459375e+13	4.384483190874444066e-13	2.546042961334783996e-06	9.999974539566005571e-01
6.471859296482412871e-01	4.303531882905599559e+02	5.749148470701096875e+13	4.783679198494794638e-13	2.644411408455495275e-06	9.999973555881134235e-01
6.551758793969849615e-01	4.164398045593601978e+02	5.647417928496560156e+13	5.304164848548466108e-13	2.750240774609916494e-06	9.999972497586951947e-01
6.631658291457287469e-01	4.026128480665598772e+02	5.543060393492029688e+13	5.792856126313790814e-13	2.864314732362913718e-06	9.999971356846886206e-01
6.711557788944724212e-01	3.888817265049600564e+02	5.436113188858091406e+13	6.412650124379211669e-13	2.987480339599330152e-06	9.999970125190194015e-01
6.791457286432162066e-01	3.752559615999998073e+02	5.326621627757362500e+13	7.184350567822287158e-13	3.120652286339157884e-06	9.999968793469956596e-01
6.871356783919598810e-01	3.617451891097600196e+02	5.214639472885762500e+13	7.959583719297401738e-13	3.264817222657805009e-06	9.999967351819817329e-01
6.951256281407035553e-01	3.483591588249600477e+02	5.100229412720694531e+13	8.907527041227731454e-13	3.421038102484945299e-06	9.999965789610070210e-01
7.031155778894473407e-01	3.351077345689600406e+02	4.983463554876380469e+13	9.970479635756648938e-13	3.590457781392145578e-06	9.999964095412219311e-01
7.111055276381910151e-01	3.220008941977600898e+02	4.864423936971121875e+13	1.126776852974411802e-12	3.774303582021138222e-06	9.999962256952915629e-01
7.190954773869348005e-01	3.090487295999999446e+02	4.743203055416114062e+13	1.272285171582930688e-12	3.973892831791989481e-06	9.999960261058964406e-01
7.270854271356784748e-01	2.962614466969599789e+02	4.619904412540175781e+13	1.435574787286043401e-12	4.190643171028769644e-06	9.999958093553936722e-01
7.350753768844221492e-01	2.836493654425599971e+02	4.494643082469384375e+13	1.632385876982054718e-12	4.426771558119278406e-06	9.999955732268098751e-01
7.430653266331659346e-01	2.712229198233599732e+02	4.367546296185488281e+13	1.869783856735041808e-12	4.685916207650402216e-06	9.999953140819228814e-01
7.510552763819096089e-01	2.589926578585599941e+02	4.238754046191610938e+13	2.153852834822403612e-12	4.972226146747742254e-06	9.999950277716997959e-01
7.590452261306533943e-01	2.469692415999999753e+02	4.108419711218482812e+13	2.482119915621714079e-12	5.290293196084357149e-06	9.999947097043221378e-01
7.670351758793970687e-01	2.351634471321600017e+02	3.976710701409258594e+13	2.878529009127900580e-12	5.645188708514031982e-06	9.999943548084132550e-01
7.750251256281407430e-01	2.235861645721601576e+02	3.843809124425631250e+13	3.356190387370972226e-12	6.042495137577052840e-06	9.999939575015066584e-01
7.830150753768845284e-01	2.122483980697599293e+02	3.709912472922724219e+13	3.936104036985824923e-12	6.488327141490168098e-06	9.999935116689225856e-01
7.910050251256282028e-01	2.011612658073600528e+02	3.575234333844985938e+13	4.637228824411065327e-12	6.989334454890118108e-06	9.999930106609082880e-01
7.989949748743719882e-01	1.903359999999998990e+02	3.440005119999999219e+13	5.511181539225921666e-12	7.553107579172564554e-06	9.999924468869100247e-01
8.069849246231156625e-01	1.797839468953600885e+02	3.304472824371950781e+13	6.578137869524482039e-12	8.190220684358993759e-06	9.999918097727376054e-01
8.149748743718593369e-01	1.695165667737600756e+02	3.168903797641092188e+13	7.890813669607052289e-12	8.913169087509289408e-06	9.999910868230218464e-01
8.229648241206031223e-01	1.595454339481600528e+02	3.033583549380433594e+13	9.601978935703565697e-12	9.735803972178542299e-06	9.999902641864257813e-01
8.309547738693467966e-01	1.498822367641600408e+02	2.898817573405491797e+13	1.173012150651502330e-11	1.067345001509048007e-05	9.999893265382550078e-01
8.389447236180905820e-01	1.405387776000000599e+02	2.764932197757747266e+13	1.450176647151802471e-11	1.174601521463402723e-05	9.999882539702837914e-01
8.469346733668342564e-01	1.315269728665600155e+02	2.632275459807162109e+13	1.808864269338111147e-11	1.298742012281198811e-05	9.999870125617890126e-01
8.549246231155779308e-01	1.228588530073600964e+02	2.501218006963850000e+13	2.281203034146244987e-11	1.443874140036712755e-05	9.999855612357880785e-01
8.629145728643217161e-01	1.145465624985600357e+02	2.372154023493718750e+13	2.911249735966870646e-11	1.614603393228721779e-05	9.999838539369556578e-01
8.709045226130653905e-01	1.066023598489600346e+02	2.245502183937687500e+13	3.753443405573701207e-11	1.816032318381201696e-05	9.999818396392821107e-01
8.788944723618091759e-01	9.903861760000000913e+01	2.121706633638707031e+13	4.872687739977576598e-11	2.053701397768219804e-05	9.999794629372955601e-01
8.868844221105528502e-01	9.186782232575998819e+01	2.001237996885692578e+13	6.382645657493763337e-11	2.335004101560074485e-05	9.999766498951579985e-01
8.948743718592966356e-01	8.510257463295995706e+01	1.884594413188086328e+13	8.438300984718937058e-11	2.671823237625365669e-05	9.999732816832408444e-01
9.028643216080403100e-01	7.875558916095997120e+01	1.772302602199581250e+13	1.122727584523466191e-10	3.076872188155855886e-05	9.999692311658457955e-01
9.108542713567839844e-01	7.283969458176007095e+01	1.664918957814231836e+13	1.501019773672014242e-10	3.562206132287468766e-05	9.999643777885750540e-01
9.188442211055277697e-01	6.736783359999998311e+01	1.563030671962930664e+13	2.005786050552458256e-10	4.138351146562684317e-05	9.999586162879557927e-01
9.268341708542714441e-01	6.235306295296005175e+01	1.467256888642980273e+13	2.681342667334262070e-10	4.819912075457068716e-05	9.999518006111112189e-01
9.348241206030152295e-01	5.780855341055997343e+01	1.378249888718151562e+13	3.571379409295874792e-10	5.623948063097869600e-05	9.999437601622310767e-01
9.428140703517589039e-01	5.374758977536001936e+01	1.296696306031491406e+13	4.729362242409740641e-10	6.558148529183114239e-05	9.999344180417719663e-01
9.508040201005025782e-01	5.018357088256002640e+01	1.223318375377703320e+13	6.186491258968593699e-10	7.613351083403468403e-05	9.999238658705169591e-01
9.587939698492463636e-01	4.713000960000000816e+01	1.158875212886835547e+13	7.937664051004827489e-10	8.759793991706968049e-05	9.999124012663167527e-01
9.667839195979900380e-01	4.460053282816000575e+01	1.104164129375604883e+13	9.917163613614001996e-10	9.951264479550047271e-05	9.999004863634880502e-01
9.747738693467338233e-01	4.260888150016000253e+01	1.060021977227503320e+13	1.197355178149426491e-09	1.110096276058847499e-04	9.998889891750391001e-01
9.827638190954774977e-01	4.116891058176000229e+01	1.027326531367540039e+13	1.382831731133888145e-09	1.208188805474891660e-04	9.998791797366206602e-01
9.907537688442211721e-01	4.029458907136000789e+01	1.006997904902207031e+13	1.514537052919626114e-09	1.275145467763233410e-04	9.998724839386867735e-01
9.987437185929649575e-01	4.000000000000000000e+01	1.000000000000000000e+13	1.563399743317078089e-09	1.299121045605628843e-04	9.998700863320399979e-01
1.006733668341708743e+00	4.000000000000000000e+01	1.000000000000000000e+13	1.563399743317078089e-09	1.299121045605628843e-04	9.998700863320399979e-01
1.014723618090452417e+00	3.409260365462674258e+01	7.264410149696681641e+12	3.341938187095759918e-09	2.004104421338614105e-04	9.997995862159279046e-01
1.022713567839196092e+00	2.905764059878672612e+01	5.277165482301617188e+12	7.302478946846979692e-09	3.196367303524923925e-04	9.996803559671683104e-01
1.030703517587939766e+00	2.476626560182567260e+01	3.833549449126084473e+12	1.635087397692620859e-08	5.301852684478124481e-04	9.994697983806781760e-01
1.038693467336683440e+00	2.110866192920646611e+01	2.784847552759565430e+12	3.880618633793944119e-08	9.391802603486145914e-04	9.990607809334647316e-01
1.046683417085427337e+00	1.799123112079854181e+01	2.023027482762436768e+12	9.683457513941283522e-08	1.770192367141924794e-03	9.982297107982828210e-01
1.054673366834171011e+00	1.533419779650427017e+01	1.469610137889477539e+12	2.566478856736556421e-07	3.597651727944641952e-03	9.964020916241697057e-01
1.062663316582914685e+00	1.306956819594677199e+01	1.067585080178146118e+12	7.352969157404883844e-07	7.975440241430658758e-03	9.920238244616534917e-01
1.070653266331658360e+00	1.113939021103821148e+01	7.755375892110869141e+11	2.380265160768901501e-06	1.972443664244576816e-02	9.802731830923933076e-01
1.078643216080402034e+00	9.494270385478868590e+00	5.633823134536315918e+11	8.579721324874974923e-06	5.319096413153028002e-02	9.468004561471446978e-01
1.086633165829145931e+00	8.092109931049748184e+00	4.092640196012122803e+11	3.489159153475226077e-05	1.529442263860335272e-01	8.470208820224316426e-01
1.094623115577889605e+00	6.897027415223701219e+00	2.973061697896707764e+11	1.495762790977960954e-04	4.140661877509195232e-01	5.857842359699826362e-01
1.102613065326633279e+00	5.878440551557910787e+00	2.159753957387529297e+11	4.986299280188323524e-04	7.710449470554340268e-01	2.284564230165469778e-01
1.110603015075376954e+00	5.010283595788732391e+00	1.568933856889354248e+11	1.249625967995283624e-03	9.508082522829774952e-01	4.794212174902707374e-02
1.118592964824120628e+00	4.270340320712584514e+00	1.139737903418978729e+11	3.024315464301809316e-03	9.902245010682886317e-01	6.751183467409335205e-03
1.126582914572864524e+00	3.639675500610628944e+00	8.279523593590771484e+10	8.597971820385227892e-03	9.908084749266082847e-01	5.935532530062886903e-04
1.134572864321608199e+00	3.102150356844334489e+00	6.014585522793393707e+10	2.915665701570484269e-02	9.708056570605111402e-01	3.768592378380544180e-05
1.142562814070351873e+00	2.644009564823820213e+00	4.369241611799905396e+10	1.098149555105818603e-01	8.901937127188137566e-01	-8.668229395584334447e-06
1.150552763819095548e+00	2.253529253814516409e+00	3.173996311123631668e+10	3.973093150385628713e-01	6.026879469769247377e-01	2.737984512355029220e-06
1.158542713567839222e+00	1.920716991860127010e+00	2.305721101762633896e+10	8.240746941614083276e-01	1.759287542227402357e-01	-3.448384148472394488e-06
1.166532663316583118e+00	1.637056078404849124e+00	1.674970377401414299e+10	9.786385124443294226e-01	2.138037867305724732e-02	-1.889111738656572783e-05
1.174522613065326793e+00	1.395287601036352187e+00	1.216767181003611755e+10	9.984004809062990704e-01	1.593641907172038035e-03	5.877186529335066728e-06
1.182512562814070467e+00	1.189224679158683129e+00	8.839095859500453949e+09	9.999823132974252626e-01	2.288428567787103451e-05	-5.197583102800606980e-06
1.190502512562814141e+00	1.013594141071441079e+00	6.421081767589702606e+09	9.999995133725119167e-01	6.323693352572321672e-07	-1.457418467298853587e-07
1.198492462311557816e+00	8.639015829550117376e-01	4.664537156451093674e+09	9.999999917448211262e-01	1.077003483618276861e-08	-2.514855518276348789e-09
1.206482412060301712e+00	7.363163566072433719e-01	3.388511106296032906e+09	9.999999999415157825e-01	7.660094780703727481e-11	-1.811639727122838909e-11
1.214472361809045386e+00	6.275735427557389556e-01	2.461553447293683529e+09	9.999999999998379074e-01	2.137179322403425835e-13	-5.140332604014473520e-14
1.222462311557789061e+00	5.348904014325340794e-01	1.788173384654108763e+09	1.000000000000000222e+00	2.498001805406601230e-16	-2.775557561562892584e-17
1.230452261306532735e+00	4.558951613675893966e-01	1.299002488489877462e+09	1.000000000000000444e+00	-8.326672684688671588e-17	-2.775557561562891043e-17
1.238442211055276410e+00	3.885663261141832914e-01	9.436486861867113113e+08	1.000000000000000000e+00	1.942890293094023206e-16	2.498001805406601723e-16
1.246432160804020306e+00	3.311809437436308290e-01	6.855051093682622910e+08	1.000000000000000222e+00	-5.551115123125783935e-17	1.665334536937734564e-16
1.254422110552763980e+00	2.822705163254211058e-01	4.979790274163738489e+08	1.000000000000000222e+00	8.326672684688671588e-17	2.775557561562891043e-17
1.262412060301507655e+00	2.405834209117357625e-01	3.617523901099588871e+08	1.000000000000000000e+00	1.110223024625156047e-16	1.110223024625156417e-16
1.270402010050251329e+00	2.050528803754511908e-01	2.627917734391818643e+08	1.000000000000000222e+00	5.551115123125777155e-17	1.665334536937734564e-16
1.278391959798995003e+00	1.747696644719962111e-01	1.909027226228383780e+08	1.000000000000000222e+00	-1.937480650325707435e-32	1.110223024625156417e-16
1.286381909547738900e+00	1.489588225423960632e-01	1.386795675826064944e+08	1.000000000000000222e+00	8.326672684688671588e-17	2.775557561562891043e-17
1.294371859296482574e+00	1.269598524449447041e-01	1.007425258302633464e+08	1.000000000000000222e+00	8.326672684688671588e-17	2.775557561562891043e-17
1.302361809045226249e+00	1.082097982363848659e-01	7.318350271474450827e+07	1.000000000000000444e+00	-1.665334536937734318e-16	-5.551115123125782086e-17
1.310351758793969923e+00	9.222884407050493949e-02	5.316349799113447219e+07	1.000000000000000222e+00	1.110223024625156417e-16	-1.110223024625156417e-16
1.318341708542713819e+00	7.860803566050207636e-02	3.862014544001729786e+07	1.000000000000000000e+00	1.387778780781444936e-16	1.942890293094023453e-16
1.326331658291457494e+00	6.699881509605656871e-02	2.805525765172236413e+07	1.000000000000000000e+00	1.387778780781444936e-16	1.942890293094023453e-16
1.334321608040201168e+00	5.710410120998700434e-02	2.038048984375274554e+07	1.000000000000000000e+00	1.387778780781444936e-16	1.942890293094023453e-16
1.342311557788944842e+00	4.867068724014447095e-02	1.480522372767475992e+07	1.000000000000000000e+00	1.387778780781444936e-16	1.942890293094023453e-16
1.350301507537688517e+00	4.148276124191361408e-02	1.075512175158506446e+07	1.000000000000000000e+00	1.387778780781444936e-16	1.942890293094023453e-16
1.358291457286432413e+00	3.535638343800166783e-02	7.812961561343740672e+06	1.000000000000000000e+00	1.387778780781444936e-16	1.942890293094023453e-16
1.366281407035176088e+00	3.013477918032000241e-02	5.675655726541549899e+06	1.000000000000000000e+00	1.387778780781444936e-16	1.942890293094023453e-16
1.374271356783919762e+00	2.568432707035869442e-02	4.123029106607253198e+06	1.000000000000000000e+00	1.387778780781444936e-16	1.942890293094023453e-16
1.382261306532663436e+00	2.189113957363849131e-02	2.995137448953257408e+06	1.000000000000000000e+00	1.387778780781444936e-16	1.942890293094023453e-16
1.390251256281407111e+00	1.865814862580429667e-02	2.175790688391266391e+06	1.000000000000000000e+00	1.387778780781444936e-16	1.942890293094023453e-16
1.398241206030151007e+00	1.590262165071654188e-02	1.580583596036490751e+06	1.000000000000000000e+00	1.387778780781444936e-16	1.942890293094023453e-16
1.406231155778894681e+00	1.355404442518413216e-02	1.148200751749156509e+06	1.000000000000000000e+00	1.387778780781444936e-16	1.942890293094023453e-16
1.414221105527638356e+00	1.155231661262513289e-02	8.341001194895916851e+05	1.000000000000000000e+00	1.387778780781444936e-16	1.942890293094023453e-16
1.422211055276382030e+00	9.846213789174733735e-03	6.059245373883415014e+05	1.000000000000000000e+00	1.387778780781444936e-16	1.942890293094023453e-16
1.430201005025125705e+00	8.392076605326375879e-03	4.401684359354141634e+05	1.000000000000000000e+00	1.387778780781444936e-16	1.942890293094023453e-16
1.438190954773869601e+00	7.152693538616410052e-03	3.197564053585308720e+05	1.000000000000000000e+00	1.387778780781444936e-16	1.942890293094023453e-16
1.446180904522613275e+00	6.096348646876467020e-03	2.322841676517033193e+05	1.000000000000000000e+00	1.387778780781444936e-16	1.942890293094023453e-16
1.454170854271356950e+00	5.196009953959482286e-03	1.687407465102876595e+05	1.000000000000000000e+00	1.387778780781444936e-16	1.942890293094023453e-16
1.462160804020100624e+00	4.428637698645904175e-03	1.225801991616730811e+05	1.000000000000000000e+00	1.387778780781444936e-16	1.942890293094023453e-16
1.470150753768844298e+00	3.774594744746831952e-03	8.904728429419001623e+04	1.000000000000000000e+00	1.387778780781444936e-16	1.942890293094023453e-16
1.478140703517588195e+00	3.217144064737254526e-03	6.468759958296340483e+04	1.000000000000000000e+00	1.387778780781444936e-16	1.942890293094023453e-16
1.486130653266331869e+00	2.742020437473049500e-03	4.699172549699933734e+04	1.000000000000000000e+00	1.387778780781444936e-16	1.942890293094023453e-16
1.494120603015075543e+00	2.337065399691370862e-03	3.413671676521616610e+04	1.000000000000000000e+00	1.387778780781444936e-16	1.942890293094023453e-16
1.502110552763819218e+00	1.991916109665495694e-03	2.479831117465576608e+04	1.000000000000000000e+00	1.387778780781444936e-16	1.942890293094023453e-16
1.510100502512562892e+00	1.697740161002295797e-03	1.801451033925062802e+04	1.000000000000000000e+00	1.387778780781444936e-16	1.942890293094023453e-16
1.518090452261306789e+00	1.447009560439830363e-03	1.308647917502669043e+04	1.000000000000000000e+00	1.387778780781444936e-16	1.942890293094023453e-16
1.526080402010050463e+00	1.233308085713268965e-03	9.506555214285801412e+03	1.000000000000000000e+00	1.387778780781444936e-16	1.942890293094023453e-16
1.534070351758794137e+00	1.051167093756721774e-03	6.905951618730954578e+03	1.000000000000000000e+00	1.387778780781444936e-16	1.942890293094023453e-16
1.542060301507537812e+00	8.959255775558455951e-04	5.016766503242346516e+03	1.000000000000000000e+00	1.387778780781444936e-16	1.942890293094023453e-16
1.550050251256281486e+00	7.636108904913507583e-04	3.644384950481209671e+03	1.000000000000000000e+00	1.387778780781444936e-16	1.942890293094023453e-16
1.558040201005025382e+00	6.508370858969523415e-04	2.647430702367730646e+03	1.000000000000000000e+00	1.387778780781444936e-16	1.942890293094023453e-16
1.566030150753769057e+00	5.547182703304259560e-04	1.923202246489871868e+03	1.000000000000000000e+00	1.387778780781444936e-16	1.942890293094023453e-16
1.574020100502512731e+00	4.727947532588822575e-04	1.397092991932046061e+03	1.000000000000000000e+00	1.387778780781444936e-16	1.942890293094023453e-16
1.582010050251256406e+00	4.029701033210534265e-04	1.014905651066127803e+03	1.000000000000000000e+00	1.387778780781444936e-16	1.942890293094023453e-16
1.590000000000000080e+00	3.434575004297168999e-04	7.372690912589309846e+02	0.000000000000000000e+00	0.000000000000000000e+00	0.000000000000000000e+00
