# R [m]	 Z [m]
2.999999999999999889e-01	-4.000000000000000222e-01
3.016722408026755731e-01	-3.973244147157191097e-01
3.033444816053511572e-01	-3.946488294314381418e-01
3.050167224080267414e-01	-3.919732441471572293e-01
3.066889632107023256e-01	-3.892976588628762613e-01
3.083612040133779097e-01	-3.866220735785953488e-01
3.100334448160534939e-01	-3.839464882943143809e-01
3.117056856187290781e-01	-3.812709030100334684e-01
3.133779264214046623e-01	-3.785953177257525004e-01
3.150501672240802464e-01	-3.759197324414715879e-01
3.167224080267558306e-01	-3.732441471571906755e-01
3.183946488294314148e-01	-3.705685618729097075e-01
3.200668896321069989e-01	-3.678929765886287950e-01
3.217391304347825831e-01	-3.652173913043478271e-01
3.234113712374581673e-01	-3.625418060200669146e-01
3.250836120401337515e-01	-3.598662207357860021e-01
3.267558528428093356e-01	-3.571906354515050341e-01
3.284280936454849198e-01	-3.545150501672240662e-01
3.301003344481605040e-01	-3.518394648829431537e-01
3.317725752508360881e-01	-3.491638795986622412e-01
3.334448160535116723e-01	-3.464882943143812732e-01
3.351170568561872565e-01	-3.438127090301003608e-01
3.367892976588628406e-01	-3.411371237458193928e-01
3.384615384615384803e-01	-3.384615384615384803e-01
3.401337792642140645e-01	-3.357859531772575679e-01
3.418060200668896487e-01	-3.331103678929765999e-01
3.434782608695652328e-01	-3.304347826086956319e-01
3.451505016722408170e-01	-3.277591973244147194e-01
3.468227424749164012e-01	-3.250836120401338070e-01
3.484949832775919853e-01	-3.224080267558528390e-01
3.501672240802675695e-01	-3.197324414715719265e-01
3.518394648829431537e-01	-3.170568561872909585e-01
3.535117056856187379e-01	-3.143812709030100461e-01
3.551839464882943220e-01	-3.117056856187291336e-01
3.568561872909699062e-01	-3.090301003344481656e-01
3.585284280936454904e-01	-3.063545150501672532e-01
3.602006688963210745e-01	-3.036789297658862852e-01
3.618729096989966587e-01	-3.010033444816053727e-01
3.635451505016722429e-01	-2.983277591973244602e-01
3.652173913043478271e-01	-2.956521739130434923e-01
3.668896321070234112e-01	-2.929765886287625243e-01
3.685618729096989954e-01	-2.903010033444816118e-01
3.702341137123745796e-01	-2.876254180602006993e-01
3.719063545150501637e-01	-2.849498327759197314e-01
3.735785953177257479e-01	-2.822742474916388189e-01
3.752508361204013321e-01	-2.795986622073578509e-01
3.769230769230769162e-01	-2.769230769230769384e-01
3.785953177257525004e-01	-2.742474916387960260e-01
3.802675585284280846e-01	-2.715719063545150580e-01
3.819397993311036688e-01	-2.688963210702340900e-01
3.836120401337792529e-01	-2.662207357859531776e-01
3.852842809364548371e-01	-2.635451505016722651e-01
3.869565217391304213e-01	-2.608695652173912971e-01
3.886287625418060054e-01	-2.581939799331103846e-01
3.903010033444815896e-01	-2.555183946488294167e-01
3.919732441471571738e-01	-2.528428093645485042e-01
3.936454849498327579e-01	-2.501672240802675917e-01
3.953177257525083421e-01	-2.474916387959866237e-01
3.969899665551839263e-01	-2.448160535117056835e-01
3.986622073578595105e-01	-2.421404682274247433e-01
4.003344481605350946e-01	-2.394648829431438308e-01
4.020066889632106788e-01	-2.367892976588628906e-01
4.036789297658862630e-01	-2.341137123745819504e-01
4.053511705685618471e-01	-2.314381270903010102e-01
4.070234113712374313e-01	-2.287625418060200699e-01
4.086956521739130155e-01	-2.260869565217391297e-01
4.103678929765885997e-01	-2.234113712374581895e-01
4.120401337792641838e-01	-2.207357859531772493e-01
4.137123745819397680e-01	-2.180602006688963090e-01
4.153846153846153522e-01	-2.153846153846153966e-01
4.170568561872909363e-01	-2.127090301003344563e-01
4.187290969899665205e-01	-2.100334448160535161e-01
4.204013377926421047e-01	-2.073578595317725759e-01
4.220735785953176888e-01	-2.046822742474916357e-01
4.237458193979932730e-01	-2.020066889632106955e-01
4.254180602006688572e-01	-1.993311036789297552e-01
4.270903010033444414e-01	-1.966555183946488428e-01
4.287625418060200255e-01	-1.939799331103679025e-01
4.304347826086956097e-01	-1.913043478260869623e-01
4.321070234113711939e-01	-1.886287625418060221e-01
4.337792642140467780e-01	-1.859531772575250819e-01
4.354515050167223622e-01	-1.832775919732441416e-01
4.371237458193979464e-01	-1.806020066889632014e-01
4.387959866220735305e-01	-1.779264214046822612e-01
4.404682274247491147e-01	-1.752508361204013210e-01
4.421404682274246989e-01	-1.725752508361204085e-01
4.438127090301002831e-01	-1.698996655518394683e-01
4.454849498327758672e-01	-1.672240802675585281e-01
4.471571906354514514e-01	-1.645484949832775878e-01
4.488294314381270356e-01	-1.618729096989966476e-01
4.505016722408026753e-01	-1.591973244147157074e-01
4.521739130434782594e-01	-1.565217391304347672e-01
4.538461538461538436e-01	-1.538461538461538547e-01
4.555183946488294278e-01	-1.511705685618729145e-01
4.571906354515050119e-01	-1.484949832775919742e-01
4.588628762541805961e-01	-1.458193979933110063e-01
4.605351170568561803e-01	-1.431438127090300938e-01
4.622073578595317644e-01	-1.404682274247491813e-01
4.638795986622073486e-01	-1.377926421404682134e-01
4.655518394648829328e-01	-1.351170568561873009e-01
4.672240802675585170e-01	-1.324414715719063329e-01
4.688963210702341011e-01	-1.297658862876254204e-01
4.705685618729096853e-01	-1.270903010033444525e-01
4.722408026755852695e-01	-1.244147157190635400e-01
4.739130434782608536e-01	-1.217391304347825720e-01
4.755852842809364378e-01	-1.190635451505016595e-01
4.772575250836120220e-01	-1.163879598662207471e-01
4.789297658862876061e-01	-1.137123745819397791e-01
4.806020066889631903e-01	-1.110367892976588666e-01
4.822742474916387745e-01	-1.083612040133778986e-01
4.839464882943143587e-01	-1.056856187290969862e-01
4.856187290969899428e-01	-1.030100334448160182e-01
4.872909698996655270e-01	-1.003344481605351057e-01
4.889632107023411112e-01	-9.765886287625419326e-02
4.906354515050166953e-01	-9.498327759197322528e-02
4.923076923076922795e-01	-9.230769230769231282e-02
4.939799331103679192e-01	-8.963210702341134484e-02
4.956521739130435034e-01	-8.695652173913043237e-02
4.973244147157190875e-01	-8.428093645484946439e-02
4.989966555183946717e-01	-8.160535117056855192e-02
5.006688963210702559e-01	-7.892976588628763945e-02
5.023411371237458400e-01	-7.625418060200667147e-02
5.040133779264214242e-01	-7.357859531772575901e-02
5.056856187290970084e-01	-7.090301003344479103e-02
5.073578595317725926e-01	-6.822742474916387856e-02
5.090301003344481767e-01	-6.555183946488291058e-02
5.107023411371237609e-01	-6.287625418060199811e-02
5.123745819397993451e-01	-6.020066889632103013e-02
5.140468227424749292e-01	-5.752508361204011766e-02
5.157190635451505134e-01	-5.484949832775920520e-02
5.173913043478260976e-01	-5.217391304347823722e-02
5.190635451505016817e-01	-4.949832775919732475e-02
5.207357859531772659e-01	-4.682274247491635677e-02
5.224080267558528501e-01	-4.414715719063544430e-02
5.240802675585284343e-01	-4.147157190635447632e-02
5.257525083612040184e-01	-3.879598662207356385e-02
5.274247491638796026e-01	-3.612040133779259587e-02
5.290969899665551868e-01	-3.344481605351168341e-02
5.307692307692307709e-01	-3.076923076923077094e-02
5.324414715719063551e-01	-2.809364548494980296e-02
5.341137123745819393e-01	-2.541806020066889049e-02
5.357859531772575234e-01	-2.274247491638792251e-02
5.374581939799331076e-01	-2.006688963210701004e-02
5.391304347826086918e-01	-1.739130434782604206e-02
5.408026755852842760e-01	-1.471571906354512960e-02
5.424749163879598601e-01	-1.204013377926421713e-02
5.441471571906354443e-01	-9.364548494983249149e-03
5.458193979933110285e-01	-6.688963210702336681e-03
5.474916387959866126e-01	-4.013377926421368702e-03
5.491638795986621968e-01	-1.337792642140456234e-03
5.508361204013377810e-01	1.337792642140511745e-03
5.525083612040133652e-01	4.013377926421424213e-03
5.541806020066889493e-01	6.688963210702336681e-03
5.558528428093645335e-01	9.364548494983304661e-03
5.575250836120401177e-01	1.204013377926421713e-02
5.591973244147157018e-01	1.471571906354518511e-02
5.608695652173912860e-01	1.739130434782609758e-02
5.625418060200668702e-01	2.006688963210706556e-02
5.642140468227424543e-01	2.274247491638797802e-02
5.658862876254180385e-01	2.541806020066894600e-02
5.675585284280936227e-01	2.809364548494985847e-02
5.692307692307692069e-01	3.076923076923077094e-02
5.709030100334447910e-01	3.344481605351173892e-02
5.725752508361203752e-01	3.612040133779265139e-02
5.742474916387959594e-01	3.879598662207361937e-02
5.759197324414715435e-01	4.147157190635453183e-02
5.775919732441471277e-01	4.414715719063549981e-02
5.792642140468227119e-01	4.682274247491641228e-02
5.809364548494982960e-01	4.949832775919738026e-02
5.826086956521738802e-01	5.217391304347829273e-02
5.842809364548494644e-01	5.484949832775920520e-02
5.859531772575250486e-01	5.752508361204017318e-02
5.876254180602006327e-01	6.020066889632108564e-02
5.892976588628762169e-01	6.287625418060205362e-02
5.909698996655518011e-01	6.555183946488296609e-02
5.926421404682273852e-01	6.822742474916393407e-02
5.943143812709029694e-01	7.090301003344484654e-02
5.959866220735785536e-01	7.357859531772575901e-02
5.976588628762541378e-01	7.625418060200672699e-02
5.993311036789297219e-01	7.892976588628763945e-02
6.010033444816054171e-01	8.160535117056860743e-02
6.026755852842808903e-01	8.428093645484951990e-02
6.043478260869565855e-01	8.695652173913048788e-02
6.060200668896320586e-01	8.963210702341140035e-02
6.076923076923077538e-01	9.230769230769231282e-02
6.093645484949832269e-01	9.498327759197328080e-02
6.110367892976589221e-01	9.765886287625419326e-02
6.127090301003343953e-01	1.003344481605351612e-01
6.143812709030100905e-01	1.030100334448160737e-01
6.160535117056855636e-01	1.056856187290969862e-01
6.177257525083612588e-01	1.083612040133780097e-01
6.193979933110367320e-01	1.110367892976589221e-01
6.210702341137124272e-01	1.137123745819398346e-01
6.227424749163879003e-01	1.163879598662207471e-01
6.244147157190635955e-01	1.190635451505016595e-01
6.260869565217390686e-01	1.217391304347826830e-01
6.277591973244147638e-01	1.244147157190635955e-01
6.294314381270902370e-01	1.270903010033445080e-01
6.311036789297659322e-01	1.297658862876254204e-01
6.327759197324414053e-01	1.324414715719064439e-01
6.344481605351171005e-01	1.351170568561873564e-01
6.361204013377925737e-01	1.377926421404682689e-01
6.377926421404682689e-01	1.404682274247491813e-01
6.394648829431437420e-01	1.431438127090300938e-01
6.411371237458194372e-01	1.458193979933111173e-01
6.428093645484949104e-01	1.484949832775920298e-01
6.444816053511706055e-01	1.511705685618729422e-01
6.461538461538460787e-01	1.538461538461538547e-01
6.478260869565217739e-01	1.565217391304348782e-01
6.494983277591972470e-01	1.591973244147157907e-01
6.511705685618729422e-01	1.618729096989967031e-01
6.528428093645484154e-01	1.645484949832776156e-01
6.545150501672241106e-01	1.672240802675585281e-01
6.561872909698995837e-01	1.698996655518395515e-01
6.578595317725752789e-01	1.725752508361204640e-01
6.595317725752507521e-01	1.752508361204013765e-01
6.612040133779264472e-01	1.779264214046822890e-01
6.628762541806019204e-01	1.806020066889632014e-01
6.645484949832776156e-01	1.832775919732442249e-01
6.662207357859530887e-01	1.859531772575251374e-01
6.678929765886287839e-01	1.886287625418060498e-01
6.695652173913042571e-01	1.913043478260869623e-01
6.712374581939799523e-01	1.939799331103679858e-01
6.729096989966554254e-01	1.966555183946488983e-01
6.745819397993311206e-01	1.993311036789298107e-01
6.762541806020065938e-01	2.020066889632107232e-01
6.779264214046822890e-01	2.046822742474916357e-01
6.795986622073577621e-01	2.073578595317726592e-01
6.812709030100334573e-01	2.100334448160535716e-01
6.829431438127089304e-01	2.127090301003344841e-01
6.846153846153846256e-01	2.153846153846153966e-01
6.862876254180602098e-01	2.180602006688964201e-01
6.879598662207357940e-01	2.207357859531773325e-01
6.896321070234113781e-01	2.234113712374582450e-01
6.913043478260869623e-01	2.260869565217391575e-01
6.929765886287625465e-01	2.287625418060200699e-01
6.946488294314381307e-01	2.314381270903010934e-01
6.963210702341137148e-01	2.341137123745820059e-01
6.979933110367892990e-01	2.367892976588629184e-01
6.996655518394648832e-01	2.394648829431438308e-01
7.013377926421404673e-01	2.421404682274247433e-01
7.030100334448160515e-01	2.448160535117057668e-01
7.046822742474916357e-01	2.474916387959866793e-01
7.063545150501672198e-01	2.501672240802675917e-01
7.080267558528428040e-01	2.528428093645485042e-01
7.096989966555183882e-01	2.555183946488295277e-01
7.113712374581939724e-01	2.581939799331104402e-01
7.130434782608695565e-01	2.608695652173913526e-01
7.147157190635451407e-01	2.635451505016722651e-01
7.163879598662207249e-01	2.662207357859531776e-01
7.180602006688963090e-01	2.688963210702342010e-01
7.197324414715718932e-01	2.715719063545151135e-01
7.214046822742474774e-01	2.742474916387960260e-01
7.230769230769230616e-01	2.769230769230769384e-01
7.247491638795986457e-01	2.795986622073579619e-01
7.264214046822742299e-01	2.822742474916388744e-01
7.280936454849498141e-01	2.849498327759197869e-01
7.297658862876253982e-01	2.876254180602006993e-01
7.314381270903009824e-01	2.903010033444816118e-01
7.331103678929765666e-01	2.929765886287626353e-01
7.347826086956521507e-01	2.956521739130435478e-01
7.364548494983277349e-01	2.983277591973244602e-01
7.381270903010033191e-01	3.010033444816053727e-01
7.397993311036789033e-01	3.036789297658863962e-01
7.414715719063544874e-01	3.063545150501673087e-01
7.431438127090300716e-01	3.090301003344482211e-01
7.448160535117056558e-01	3.117056856187291336e-01
7.464882943143812399e-01	3.143812709030100461e-01
7.481605351170568241e-01	3.170568561872910696e-01
7.498327759197324083e-01	3.197324414715719820e-01
7.515050167224079924e-01	3.224080267558528945e-01
7.531772575250835766e-01	3.250836120401338070e-01
7.548494983277591608e-01	3.277591973244148305e-01
7.565217391304347450e-01	3.304347826086957429e-01
7.581939799331103291e-01	3.331103678929766554e-01
7.598662207357859133e-01	3.357859531772575679e-01
7.615384615384614975e-01	3.384615384615384803e-01
7.632107023411370816e-01	3.411371237458195038e-01
7.648829431438126658e-01	3.438127090301004163e-01
7.665551839464882500e-01	3.464882943143813288e-01
7.682274247491638342e-01	3.491638795986622412e-01
7.698996655518394183e-01	3.518394648829431537e-01
7.715719063545150025e-01	3.545150501672241772e-01
7.732441471571906977e-01	3.571906354515050896e-01
7.749163879598661708e-01	3.598662207357860021e-01
7.765886287625418660e-01	3.625418060200669146e-01
7.782608695652173392e-01	3.652173913043479381e-01
7.799331103678930344e-01	3.678929765886288505e-01
7.816053511705685075e-01	3.705685618729097630e-01
7.832775919732442027e-01	3.732441471571906755e-01
7.849498327759196759e-01	3.759197324414715879e-01
7.866220735785953710e-01	3.785953177257526114e-01
7.882943143812708442e-01	3.812709030100335239e-01
7.899665551839465394e-01	3.839464882943144364e-01
7.916387959866220125e-01	3.866220735785953488e-01
7.933110367892977077e-01	3.892976588628763723e-01
7.949832775919731809e-01	3.919732441471572848e-01
7.966555183946488761e-01	3.946488294314381973e-01
7.983277591973243492e-01	3.973244147157191097e-01
8.000000000000000444e-01	4.000000000000000222e-01
